100 0.00763891 1 1 120 0.0909059
100 0.0147752 1 2 120 0.128019
100 0.021624 1 3 120 0.156125
100 0.0282604 1 4 120 0.179505
100 0.0347272 1 5 120 0.199826
100 0.0205264 2 6 120 0.217945
100 0.0236287 2 7 120 0.234373
100 0.0266785 2 8 120 0.249444
100 0.029682 2 9 120 0.263391
100 0.0326443 2 10 120 0.276385
100 0.023713 3 11 120 0.288555
100 0.025641 3 12 120 0.3
100 0.0275489 3 13 120 0.310801
100 0.0294385 3 14 120 0.321023
100 0.0307498 3 15 120 0.355023
100 0.0244447 4 16 120 0.363624
100 0.0258169 4 17 120 0.371839
100 0.02718 4 18 120 0.379693
100 0.0285345 4 19 120 0.387209
100 0.0298813 4 20 120 0.394405
100 0.031221 4 21 120 0.4013
100 0.0325542 4 22 120 0.407908
100 0.0338815 4 23 120 0.414243
100 0.0281627 5 24 120 0.420317
100 0.0292163 5 25 120 0.426142
100 0.0302665 5 26 120 0.431728
100 0.0313134 5 27 120 0.437083
100 0.0269647 6 28 120 0.442217
100 0.0278328 6 29 120 0.447136
100 0.0286991 6 30 120 0.451848
100 0.0295638 6 31 120 0.456359
100 0.0304273 6 32 120 0.460676
100 0.0268198 7 33 120 0.464803
100 0.0275583 7 34 120 0.468745
100 0.0282964 7 35 120 0.472508
100 0.0290341 7 36 120 0.476095
100 0.0260503 8 37 120 0.479511
100 0.0266957 8 38 120 0.482758
100 0.0273414 8 39 120 0.485841
100 0.0248777 9 40 120 0.488763
100 0.0254524 9 41 120 0.491525
100 0.0260277 9 42 120 0.494132
100 0.0266038 9 43 120 0.496586
100 0.0244626 10 44 120 0.498888
100 0.0249827 10 45 120 0.501041
100 0.0255038 10 46 120 0.503046
100 0.026026 10 47 120 0.504906
100 0.0265494 10 48 120 0.506623
100 0.024613 11 49 120 0.508197
100 0.0250914 11 50 120 0.509629
100 0.0255714 11 51 120 0.510922
100 0.0260529 11 52 120 0.512076
100 0.0265361 11 53 120 0.513092
100 0.0267391 11 54 120 0.529937
100 0.024953 12 55 120 0.530657
100 0.0253969 12 56 120 0.531246
100 0.0258427 12 57 120 0.531703
100 0.0262905 12 58 120 0.53203
100 0.0267403 12 59 120 0.532225
100 0.0269213 12 60 120 0.547723
100 0.0268569 12 61 120 0.57729
100 0.0252003 13 62 120 0.57711
100 0.0256116 13 63 120 0.576809
100 0.0241662 14 64 120 0.576387
100 0.0245522 14 65 120 0.575845
100 0.0249404 14 66 120 0.575181
100 0.025331 14 67 120 0.574396
100 0.0240089 15 68 120 0.573488
100 0.024378 15 69 120 0.572458
100 0.0247494 15 70 120 0.571305
100 0.0248945 15 71 120 0.584463
100 0.0236878 16 72 120 0.583095
100 0.0240394 16 73 120 0.581605
100 0.0229587 17 74 120 0.57999
100 0.0232946 17 75 120 0.578252
100 0.0236331 17 76 120 0.576387
100 0.0235507 17 77 120 0.602714
100 0.0225597 18 78 120 0.600694
100 0.0228795 18 79 120 0.598551
100 0.023202 18 80 120 0.596285
100 0.022289 19 81 120 0.593893
100 0.0225999 19 82 120 0.591373
100 0.0229137 19 83 120 0.588725
100 0.0232304 19 84 120 0.585947
100 0.0223726 20 85 120 0.583036
100 0.0226795 20 86 120 0.57999
100 0.0229895 20 87 120 0.576809
100 0.0230922 20 88 120 0.58784
100 0.0231981 20 89 120 0.598551
100 0.023307 20 90 120 0.608961
100 0.0224925 21 91 120 0.605473
100 0.0227911 21 92 120 0.601849
100 0.0228957 21 93 120 0.611862
100 0.0221424 22 94 120 0.608048
100 0.0224331 22 95 120 0.604095
100 0.0225339 22 96 120 0.613732
100 0.0222775 22 97 120 0.649305
100 0.0215813 23 98 120 0.645282
100 0.0218567 23 99 120 0.641125
100 0.0219616 23 100 120 0.649786
100 0.0220683 23 101 120 0.658228
100 0.0214149 24 102 120 0.653835
100 0.0216842 24 103 120 0.649305
100 0.0214651 24 104 120 0.682316
100 0.020861 25 105 120 0.677772
100 0.0211186 25 106 120 0.673094
100 0.0207796 25 107 120 0.716424
100 0.0202216 26 108 120 0.711805
100 0.0203264 26 109 120 0.718747
100 0.0202982 26 110 120 0.736923
100 0.0197785 27 111 120 0.732149
100 0.0200133 27 112 120 0.727247
100 0.0201172 27 113 120 0.733665
100 0.0202222 27 114 120 0.739932
100 0.020328 27 115 120 0.746054
100 0.0198314 28 116 120 0.74087
100 0.0199344 28 117 120 0.746799
100 0.0200384 28 118 120 0.752588
100 0.0201432 28 119 120 0.758242
100 0.0197729 28 120 120 0.806226
100 0.019306 29 121 120 0.800998
100 0.0194111 29 122 120 0.806053
100 0.0195168 29 123 120 0.810992
100 0.0196232 29 124 120 0.815816
100 0.0197303 29 125 120 0.820527
100 0.019838 29 126 120 0.825126
100 0.0198381 29 127 120 0.839601
100 0.0193869 30 128 120 0.834
100 0.0194929 30 129 120 0.838277
100 0.0195995 30 130 120 0.84245
100 0.0197067 30 131 120 0.846521
100 0.0198146 30 132 120 0.85049
100 0.019923 30 133 120 0.85436
100 0.0199285 30 134 120 0.867788
100 0.019492 31 135 120 0.861805
100 0.0195987 31 136 120 0.865384
100 0.019706 31 137 120 0.868867
100 0.0198139 31 138 120 0.872258
100 0.0197244 31 139 120 0.894388
100 0.0193086 32 140 120 0.888194
100 0.0194148 32 141 120 0.891277
100 0.0195216 32 142 120 0.894272
100 0.0196289 32 143 120 0.897179
100 0.0196416 32 144 120 0.909212
100 0.019244 33 145 120 0.902735
100 0.0193497 33 146 120 0.905385
100 0.0194561 33 147 120 0.907951
100 0.0190795 34 148 120 0.901234
100 0.0191839 34 149 120 0.903658
100 0.0191968 34 150 120 0.91515
100 0.0192116 34 151 120 0.926425
100 0.0188537 35 152 120 0.919541
100 0.0189573 35 153 120 0.921615
100 0.0190614 35 154 120 0.92361
100 0.0191661 35 155 120 0.925525
100 0.0191823 35 156 120 0.936305
100 0.0191144 35 157 120 0.955648
100 0.01877 36 158 120 0.948537
100 0.0188736 36 159 120 0.95011
100 0.0188933 36 160 120 0.960324
100 0.0185667 37 161 120 0.953029
100 0.0186691 37 162 120 0.954376
100 0.0186892 37 163 120 0.964329
100 0.018379 38 164 120 0.956847
100 0.0184805 38 165 120 0.957971
100 0.0185008 38 166 120 0.967672
100 0.0184433 38 167 120 0.985696
100 0.0181475 39 168 120 0.978093
100 0.018248 39 169 120 0.97891
100 0.0179679 40 170 120 0.97111
100 0.0181466 40 171 120 0.963176
100 0.0178811 41 172 120 0.955103
100 0.01798 41 173 120 0.955648
100 0.0179997 41 174 120 0.964797
100 0.0177469 42 175 120 0.95652
100 0.0178454 42 176 120 0.956847
100 0.0176058 43 177 120 0.948354
100 0.0177036 43 178 120 0.948537
100 0.0177225 43 179 120 0.957391
100 0.0174943 44 180 120 0.948683
100 0.0175133 44 181 120 0.957391
100 0.0172969 45 182 120 0.948537
100 0.0173159 45 183 120 0.957101
100 0.0171107 46 184 120 0.948098
100 0.0172066 46 185 120 0.947768
100 0.0173032 46 186 120 0.947365
100 0.0173225 46 187 120 0.955648
100 0.017343 46 188 120 0.963789
100 0.0171455 47 189 120 0.954485
100 0.0171659 47 190 120 0.962491
100 0.0169786 48 191 120 0.953029
100 0.0168512 48 192 120 0.978093
100 0.016673 49 193 120 0.96864
100 0.0167676 49 194 120 0.967672
100 0.0165988 50 195 120 0.957971
100 0.0164397 51 196 120 0.948098
100 0.016387 51 197 120 0.964329
100 0.0162358 52 198 120 0.954376
100 0.0160209 53 199 120 0.953029
100 0.0161132 53 200 120 0.951607
100 0.0162062 53 201 120 0.95011
100 0.0162999 53 202 120 0.948537
100 0.0163945 53 203 120 0.946888
100 0.0164158 53 204 120 0.953939
100 0.0162056 54 205 120 0.952154
100 0.0162276 54 206 120 0.959021
100 0.0161797 54 207 120 0.974359
100 0.0160673 54 208 120 0.997775
100 0.0158667 55 209 120 0.99579
100 0.0158926 55 210 120 1.00208
100 0.0156997 56 211 120 0.999965
100 0.0157914 56 212 120 0.997775
100 0.0158839 56 213 120 0.995511
100 0.0159772 56 214 120 0.993171
100 0.016004 56 215 120 0.999132
100 0.0160314 56 216 120 1.00499
100 0.0160596 56 217 120 1.01074
100 0.0160235 56 218 120 1.02456
100 0.0159898 56 219 120 1.03813
100 0.0159585 56 220 120 1.05145
100 0.0158103 56 221 120 1.08009
100 0.0156233 57 222 120 1.07742
100 0.0157144 57 223 120 1.07468
100 0.0157474 57 224 120 1.07961
100 0.0155665 58 225 120 1.07674
100 0.0155997 58 226 120 1.08154
100 0.0155762 58 227 120 1.09389
100 0.0154019 59 228 120 1.09087
100 0.0154924 59 229 120 1.08778
100 0.0155266 59 230 120 1.09227
100 0.0155613 59 231 120 1.09668
100 0.0153922 60 232 120 1.09341
100 0.0154832 60 233 120 1.09008
100 0.0155751 60 234 120 1.08666
100 0.015411 61 235 120 1.08317
100 0.0155031 61 236 120 1.07961
100 0.0155384 61 237 120 1.08369
100 0.0155173 61 238 120 1.09532
100 0.0153584 62 239 120 1.0916
100 0.0154507 62 240 120 1.08781
100 0.0154869 62 241 120 1.0916
100 0.015358 62 242 120 1.11791
100 0.0152046 63 243 120 1.11402
100 0.0152418 63 244 120 1.11754
100 0.0150938 64 245 120 1.11352
100 0.0151848 64 246 120 1.10943
100 0.0151688 64 247 120 1.12024
100 0.0150256 65 248 120 1.11604
100 0.0148877 66 249 120 1.11177
100 0.0149252 66 250 120 1.11492
100 0.014792 67 251 120 1.11052
100 0.0147261 67 252 120 1.12842
100 0.0145978 68 253 120 1.12395
100 0.0146357 68 254 120 1.12682
100 0.0145117 69 255 120 1.12222
100 0.0146009 69 256 120 1.11754
100 0.0144811 70 257 120 1.11277
100 0.0145709 70 258 120 1.10793
100 0.0146093 70 259 120 1.11052
100 0.0146482 70 260 120 1.11305
100 0.014532 71 261 120 1.10802
100 0.0146232 71 262 120 1.1029
100 0.0146626 71 263 120 1.10526
100 0.0147023 71 264 120 1.10755
100 0.0147425 71 265 120 1.10977
100 0.0146795 71 266 120 1.12682
100 0.0145703 71 267 120 1.15081
100 0.0144573 72 268 120 1.14552
100 0.0144984 72 269 120 1.14743
100 0.0144911 72 270 120 1.1565
100 0.0144371 72 271 120 1.17257
100 0.0143277 73 272 120 1.16714
100 0.0144171 73 273 120 1.16163
100 0.0144593 73 274 120 1.16321
100 0.0143535 74 275 120 1.15755
100 0.0144442 74 276 120 1.15181
100 0.014487 74 277 120 1.15323
100 0.0144818 74 278 120 1.16178
100 0.0143793 75 279 120 1.15587
100 0.0144226 75 280 120 1.1571
100 0.0144663 75 281 120 1.15827
100 0.0144623 75 282 120 1.16655
100 0.0144592 75 283 120 1.1747
100 0.0144104 75 284 120 1.18977
100 0.0143109 76 285 120 1.18366
100 0.014402 76 286 120 1.17745
100 0.014306 77 287 120 1.17115
100 0.014351 77 288 120 1.17189
100 0.0143495 77 289 120 1.17966
100 0.0142568 78 290 120 1.1732
100 0.0143023 78 291 120 1.17376
100 0.0143016 78 292 120 1.18134
100 0.0143016 78 293 120 1.18881
100 0.0143023 78 294 120 1.19617
100 0.0142124 79 295 120 1.18951
100 0.0143047 79 296 120 1.18275
100 0.0143517 79 297 120 1.18295
100 0.0143529 79 298 120 1.19012
100 0.0143547 79 299 120 1.19719
100 0.0143124 79 300 120 1.21106
100 0.0142252 80 301 120 1.20413
100 0.014273 80 302 120 1.20404
100 0.0142765 80 303 120 1.2108
100 0.0141924 81 304 120 1.2037
100 0.0142407 81 305 120 1.20344
100 0.0142448 81 306 120 1.21003
100 0.0142495 81 307 120 1.21652
100 0.0142113 81 308 120 1.22972
100 0.0141297 82 309 120 1.22245
100 0.0141788 82 310 120 1.22191
100 0.014185 82 311 120 1.22811
100 0.0141489 82 312 120 1.24097
100 0.0141145 82 313 120 1.25363
100 0.0140352 83 314 120 1.24622
100 0.014085 83 315 120 1.24541
100 0.0141351 83 316 120 1.24454
100 0.0140589 84 317 120 1.2369
100 0.0141522 84 318 120 1.22916
100 0.0141179 84 319 120 1.24161
100 0.0140446 85 320 120 1.23378
100 0.0140958 85 321 120 1.23263
100 0.0140255 86 322 120 1.22463
100 0.0140342 86 323 120 1.23015
100 0.0139668 87 324 120 1.22202
100 0.0140187 87 325 120 1.22063
100 0.0139542 88 326 120 1.21232
100 0.0140066 88 327 120 1.2108
100 0.0139452 89 328 120 1.20231
100 0.0140426 89 329 120 1.1937
100 0.0140516 89 330 120 1.19896
100 0.0140611 89 331 120 1.20413
100 0.0140274 89 332 120 1.2161
100 0.0139684 90 333 120 1.20736
100 0.0139123 91 334 120 1.19849
100 0.0139666 91 335 120 1.19649
100 0.0139334 91 336 120 1.2083
100 0.0138797 92 337 120 1.19928
100 0.0139347 92 338 120 1.1971
100 0.013946 92 339 120 1.20182
100 0.0139577 92 340 120 1.20646
100 0.0139067 93 341 120 1.19719
100 0.0140074 93 342 120 1.18779
100 0.0139598 94 343 120 1.17825
100 0.014017 94 344 120 1.17568
100 0.0139724 95 345 120 1.16592
100 0.0139843 95 346 120 1.17035
100 0.0139424 96 347 120 1.16043
100 0.014001 96 348 120 1.15758
100 0.0140134 96 349 120 1.16187
100 0.0139745 97 350 120 1.15169
100 0.0140343 97 351 120 1.14864
100 0.0140472 97 352 120 1.15277
100 0.0140113 98 353 120 1.14234
100 0.0139308 98 354 120 1.16082
100 0.0138539 98 355 120 1.17895
100 0.0137733 99 356 120 1.17568
100 0.0138333 99 357 120 1.17234
100 0.0138484 99 358 120 1.17603
100 0.013864 99 359 120 1.17966
100 0.01388 99 360 120 1.18322
100 0.0138082 99 361 120 1.20067
100 0.0137302 100 362 120 1.1971
100 0.0137473 100 363 120 1.20043
100 0.0137218 100 364 120 1.2106
100 0.0136461 101 365 120 1.2069
100 0.0136218 101 366 120 1.21689
100 0.0135483 102 367 120 1.21309
100 0.013609 102 368 120 1.20922
100 0.0135857 102 369 120 1.21903
100 0.0135223 102 370 120 1.23547
100 0.0134511 103 371 120 1.2315
100 0.0134304 103 372 120 1.24097
100 0.0133711 103 373 120 1.25695
100 0.013302 104 374 120 1.25289
100 0.0133621 104 375 120 1.24875
100 0.013383 104 376 120 1.25122
100 0.013365 104 377 120 1.26026
100 0.0133093 104 378 120 1.27574
100 0.0132423 105 379 120 1.27145
100 0.0133027 105 380 120 1.26711
100 0.0133638 105 381 120 1.26269
100 0.0133864 105 382 120 1.2648
100 0.0133705 105 383 120 1.27342
100 0.0133555 105 384 120 1.28193
100 0.0133037 105 385 120 1.29676
100 0.0132389 106 386 120 1.29218
100 0.0133002 106 387 120 1.28752
100 0.0133244 106 388 120 1.28927
100 0.0133114 106 389 120 1.29741
100 0.0132486 107 390 120 1.29261
100 0.0133109 107 391 120 1.28774
100 0.0132985 107 392 120 1.29572
100 0.0132376 108 393 120 1.29075
100 0.0133006 108 394 120 1.28571
100 0.0133263 108 395 120 1.28709
100 0.0133148 108 396 120 1.29486
100 0.0133039 108 397 120 1.30253
100 0.013245 109 398 120 1.29733
100 0.0132348 109 399 120 1.30488
100 0.0131777 110 400 120 1.29957
100 0.0132046 110 401 120 1.30061
100 0.013159 110 402 120 1.31434
100 0.0131037 111 403 120 1.30892
100 0.01305 112 404 120 1.30341
100 0.0130415 112 405 120 1.31061
100 0.0129895 113 406 120 1.30501
100 0.0130537 113 407 120 1.29933
100 0.0130035 114 408 120 1.29357
100 0.012955 115 409 120 1.28774
100 0.012947 115 410 120 1.29475
100 0.0129001 116 411 120 1.28881
100 0.0129289 116 412 120 1.28927
100 0.0128837 117 413 120 1.2832
100 0.0129129 117 414 120 1.28355
100 0.0129424 117 415 120 1.28385
100 0.0129722 117 416 120 1.28409
100 0.0129655 117 417 120 1.29075
100 0.0129222 118 418 120 1.28442
100 0.0129897 118 419 120 1.27799
100 0.0129835 118 420 120 1.28452
100 0.0129778 118 421 120 1.29097
100 0.0129363 119 422 120 1.28442
100 0.0129677 119 423 120 1.28428
100 0.0129279 120 424 120 1.27758
100 0.0129971 120 425 120 1.2708
100 0.012992 120 426 120 1.27704
100 0.0129874 120 427 120 1.2832
100 0.0129495 121 428 120 1.27628
100 0.0129824 121 429 120 1.27582
100 0.0129784 121 430 120 1.28182
100 0.0129749 121 431 120 1.28774
100 0.0129719 121 432 120 1.29357
100 0.0129356 122 433 120 1.28644
100 0.0130066 122 434 120 1.27921
100 0.0129722 123 435 120 1.27189
100 0.0130069 123 436 120 1.27105
100 0.0129743 124 437 120 1.26357
100 0.0130096 124 438 120 1.2626
100 0.0130451 124 439 120 1.26159
100 0.0130146 125 440 120 1.25388
100 0.0130507 125 441 120 1.25275
100 0.0130873 125 442 120 1.25155
100 0.0131241 125 443 120 1.25031
100 0.0130959 126 444 120 1.24231
100 0.0131334 126 445 120 1.24094
100 0.013132 126 446 120 1.24622
100 0.0131056 127 447 120 1.23803
100 0.013144 127 448 120 1.23648
100 0.0131432 127 449 120 1.24161
100 0.0131187 128 450 120 1.23322
100 0.0131579 128 451 120 1.2315
100 0.0131976 128 452 120 1.22972
100 0.0131976 128 453 120 1.23466
100 0.0131981 128 454 120 1.23951
100 0.0131757 129 455 120 1.23083
100 0.0132166 129 456 120 1.22882
100 0.0132176 129 457 120 1.23353
100 0.0131972 130 458 120 1.22463
100 0.0132799 130 459 120 1.21561
100 0.013262 131 460 120 1.20646
100 0.0132634 131 461 120 1.21103
100 0.0132471 132 462 120 1.20173
100 0.0132326 133 463 120 1.19231
100 0.0132344 133 464 120 1.19675
100 0.0132216 134 465 120 1.18717
100 0.0132662 134 466 120 1.18451
100 0.0132557 135 467 120 1.1747
100 0.0133451 135 468 120 1.16476
100 0.0133374 136 469 120 1.15467
100 0.0133317 137 470 120 1.14443
100 0.0133338 137 471 120 1.14864
100 0.0133299 138 472 120 1.13822
100 0.0133783 138 473 120 1.13502
100 0.0133769 139 474 120 1.12435
100 0.0134264 139 475 120 1.12098
100 0.0134278 140 476 120 1.11006
100 0.0134312 141 477 120 1.09896
100 0.0134367 142 478 120 1.08768
100 0.013489 142 479 120 1.08394
100 0.0134975 143 480 120 1.07238
100 0.0135513 143 481 120 1.06846
100 0.013563 144 482 120 1.05659
100 0.0135662 144 483 120 1.06037
100 0.0135279 145 484 120 1.0562
100 0.0135839 145 485 120 1.05195
100 0.0135882 145 486 120 1.05554
100 0.0135518 146 487 120 1.05116
100 0.0135167 147 488 120 1.04669
100 0.0134829 148 489 120 1.04213
100 0.0134882 148 490 120 1.04549
100 0.0134559 149 491 120 1.0408
100 0.0134249 150 492 120 1.03602
100 0.0134844 150 493 120 1.03115
100 0.0134552 151 494 120 1.02618
100 0.0135161 151 495 120 1.02113
100 0.0134887 152 496 120 1.01598
100 0.0135511 152 497 120 1.01074
100 0.0135256 153 498 120 1.0054
100 0.0135896 153 499 120 0.999965
100 0.0135659 154 500 120 0.994429
100 0.0135743 154 501 120 0.997184
100 0.0135832 154 502 120 0.999861
100 0.0135614 155 503 120 0.994115
100 0.013541 156 504 120 0.988264
100 0.0135509 156 505 120 0.990756
100 0.0135321 157 506 120 0.984745
100 0.0135147 158 507 120 0.978626
100 0.0134987 159 508 120 0.972397
100 0.0135689 159 509 120 0.966056
100 0.0135551 160 510 120 0.959601
100 0.0135427 161 511 120 0.953029
100 0.0135318 162 512 120 0.946338
100 0.0135442 162 513 120 0.948354
100 0.0135351 163 514 120 0.941482
100 0.0136105 163 515 120 0.934486
100 0.0136038 164 516 120 0.927362
100 0.0135988 165 517 120 0.920107
100 0.0136777 165 518 120 0.912719
100 0.0136754 166 519 120 0.905193
100 0.0136904 166 520 120 0.906765
100 0.0136901 167 521 120 0.899035
100 0.0137735 167 522 120 0.89116
100 0.0137762 168 523 120 0.883137
100 0.0137807 169 524 120 0.87496
100 0.013798 169 525 120 0.87619
100 0.0138047 170 526 120 0.867788
100 0.013823 170 527 120 0.868867
100 0.0138418 170 528 120 0.869866
100 0.0138514 171 529 120 0.86116
100 0.0138713 171 530 120 0.862007
100 0.0138834 172 531 120 0.853058
100 0.0139044 172 532 120 0.85375
100 0.013919 173 533 120 0.84455
100 0.0139411 173 534 120 0.845084
100 0.0139585 174 535 120 0.835622
100 0.0140586 174 536 120 0.825967
100 0.0140803 175 537 120 0.816114
100 0.0141045 176 538 120 0.806053
100 0.0141313 177 539 120 0.795779
100 0.0141607 178 540 120 0.785281
100 0.014193 179 541 120 0.774552
100 0.0142282 180 542 120 0.763581
100 0.0142665 181 543 120 0.752357
100 0.014308 182 544 120 0.74087
100 0.014353 183 545 120 0.729107
100 0.0144016 184 546 120 0.717054
100 0.014454 185 547 120 0.704697
100 0.0145105 186 548 120 0.692018
100 0.0145713 187 549 120 0.679
100 0.0146368 188 550 120 0.665624
100 0.0146731 188 551 120 0.664528
100 0.0147103 188 552 120 0.663325
100 0.0147486 188 553 120 0.662015
100 0.0147879 188 554 120 0.660597
100 0.0148282 188 555 120 0.659071
100 0.0148696 188 556 120 0.657436
100 0.0148331 189 557 120 0.655691
100 0.0148764 189 558 120 0.653835
100 0.0148423 190 559 120 0.651867
100 0.0148097 191 560 120 0.649786
100 0.0147785 192 561 120 0.647592
100 0.0148256 192 562 120 0.645282
100 0.0147969 193 563 120 0.642856
100 0.0147696 194 564 120 0.640312
100 0.0148199 194 565 120 0.63765
100 0.0147951 195 566 120 0.634867
100 0.0148476 195 567 120 0.631961
100 0.0148255 196 568 120 0.628932
100 0.0148804 196 569 120 0.625777
100 0.0148609 197 570 120 0.622495
100 0.0149183 197 571 120 0.619083
100 0.0149016 198 572 120 0.61554
100 0.0148865 199 573 120 0.611862
100 0.0148731 200 574 120 0.608048
100 0.0148614 201 575 120 0.604095
100 0.0148515 202 576 120 0.6
100 0.0148433 203 577 120 0.59576
100 0.01491 203 578 120 0.591373
100 0.0149051 204 579 120 0.586835
100 0.0149021 205 580 120 0.582142
100 0.014901 206 581 120 0.57729
100 0.0149019 207 582 120 0.572276
100 0.0149049 208 583 120 0.567095
100 0.0149816 208 584 120 0.561743
100 0.0149885 209 585 120 0.556215
100 0.0149977 210 586 120 0.550505
100 0.0150806 210 587 120 0.544607
100 0.0150942 211 588 120 0.538516
100 0.0151104 212 589 120 0.532225
100 0.0152005 212 590 120 0.525727
100 0.0152218 213 591 120 0.519013
100 0.0152459 214 592 120 0.512076
100 0.015273 215 593 120 0.504906
100 0.0153033 216 594 120 0.497494
100 0.015337 217 595 120 0.489827
100 0.0153742 218 596 120 0.481894
100 0.0154151 219 597 120 0.473682
100 0.0155305 219 598 120 0.465176
100 0.0155795 220 599 120 0.456359
100 0.0156331 221 600 120 0.447214
100 0.0156916 222 601 120 0.437718
100 0.0157553 223 602 120 0.42785
100 0.0158249 224 603 120 0.417582
100 0.0159006 225 604 120 0.406885
100 0.0159833 226 605 120 0.395724
100 0.0160735 227 606 120 0.384057
100 0.0161722 228 607 120 0.371839
100 0.0162804 229 608 120 0.359011
100 0.0163992 230 609 120 0.345507
100 0.0165302 231 610 120 0.331243
100 0.0166754 232 611 120 0.316118
100 0.0168372 233 612 120 0.3
100 0.0167258 233 613 120 0.310801
100 0.0166234 233 614 120 0.321023
100 0.0165292 233 615 120 0.330719
100 0.0164422 233 616 120 0.339935
100 0.0163618 233 617 120 0.348708
100 0.0162873 233 618 120 0.357071
100 0.0162182 233 619 120 0.365053
100 0.0161542 233 620 120 0.372678
100 0.0160948 233 621 120 0.379967
100 0.0160397 233 622 120 0.38694
100 0.0159885 233 623 120 0.393612
100 0.0159411 233 624 120 0.4
100 0.0158972 233 625 120 0.406116
100 0.0158566 233 626 120 0.411974
100 0.0158191 233 627 120 0.417582
100 0.0157845 233 628 120 0.422953
100 0.0157528 233 629 120 0.428093
100 0.0157236 233 630 120 0.433013
100 0.0156971 233 631 120 0.437718
100 0.0156729 233 632 120 0.442217
100 0.0156511 233 633 120 0.446514
100 0.0156315 233 634 120 0.450617
100 0.015614 233 635 120 0.45453
100 0.0155986 233 636 120 0.458258
100 0.0155852 233 637 120 0.461805
100 0.0155738 233 638 120 0.465176
100 0.0155642 233 639 120 0.468375
100 0.0155565 233 640 120 0.471405
100 0.0155505 233 641 120 0.474268
100 0.0155463 233 642 120 0.47697
100 0.0155437 233 643 120 0.479511
100 0.0155429 233 644 120 0.481894
100 0.0155436 233 645 120 0.484123
100 0.015546 233 646 120 0.486198
100 0.0155499 233 647 120 0.488123
100 0.0155554 233 648 120 0.489898
100 0.0155624 233 649 120 0.491525
100 0.0155709 233 650 120 0.493007
100 0.0155809 233 651 120 0.494343
100 0.0155924 233 652 120 0.495536
100 0.0156054 233 653 120 0.496586
100 0.0156198 233 654 120 0.497494
100 0.0156357 233 655 120 0.498261
100 0.015653 233 656 120 0.498888
100 0.0156718 233 657 120 0.499375
100 0.015692 233 658 120 0.499722
100 0.0157137 233 659 120 0.499931
100 0.0157368 233 660 120 0.5
100 0.0157613 233 661 120 0.499931
100 0.0157874 233 662 120 0.499722
100 0.0158149 233 663 120 0.499375
100 0.0158439 233 664 120 0.498888
100 0.0158744 233 665 120 0.498261
100 0.0159064 233 666 120 0.497494
100 0.01594 233 667 120 0.496586
100 0.0159751 233 668 120 0.495536
100 0.0159433 234 669 120 0.494343
100 0.0159814 234 670 120 0.493007
100 0.015953 235 671 120 0.491525
100 0.0159265 236 672 120 0.489898
100 0.0159018 237 673 120 0.488123
100 0.0158791 238 674 120 0.486198
100 0.0158582 239 675 120 0.484123
100 0.0159056 239 676 120 0.481894
100 0.0158883 240 677 120 0.479511
100 0.0159392 240 678 120 0.47697
100 0.0159256 241 679 120 0.474268
100 0.015914 242 680 120 0.471405
100 0.0159703 242 681 120 0.468375
100 0.0159627 243 682 120 0.465176
100 0.0159573 244 683 120 0.461805
100 0.0159542 245 684 120 0.458258
100 0.0159533 246 685 120 0.45453
100 0.0159549 247 686 120 0.450617
100 0.0159588 248 687 120 0.446514
100 0.0159653 249 688 120 0.442217
100 0.0159744 250 689 120 0.437718
100 0.0159862 251 690 120 0.433013
100 0.0160645 251 691 120 0.428093
100 0.0160818 252 692 120 0.422953
100 0.0161021 253 693 120 0.417582
100 0.0161894 253 694 120 0.411974
100 0.0162162 254 695 120 0.406116
100 0.0162465 255 696 120 0.4
100 0.0163444 255 697 120 0.393612
100 0.0163824 256 698 120 0.38694
100 0.0164246 257 699 120 0.379967
100 0.0164713 258 700 120 0.372678
100 0.0165229 259 701 120 0.365053
100 0.0165798 260 702 120 0.357071
100 0.0166424 261 703 120 0.348708
100 0.0167112 262 704 120 0.339935
100 0.0167867 263 705 120 0.330719
100 0.0169339 263 706 120 0.321023
100 0.0170254 264 707 120 0.310801
100 0.0171263 265 708 120 0.3
100 0.0172377 266 709 120 0.288555
100 0.0173614 267 710 120 0.276385
100 0.0174991 268 711 120 0.263391
100 0.0176535 269 712 120 0.249444
100 0.0178278 270 713 120 0.234373
100 0.0180269 271 714 120 0.217945
100 0.0182573 272 715 120 0.199826
100 0.0185297 273 716 120 0.179505
100 0.0188618 274 717 120 0.156125
100 0.0192883 275 718 120 0.128019
100 0.0198999 276 719 120 0.0909059
100 0.0216606 277 720 120 0
100 0.0198832 277 721 120 0.0909059
100 0.0192557 277 722 120 0.128019
100 0.0188136 277 723 120 0.156125
100 0.0184662 277 724 120 0.179505
100 0.0181785 277 725 120 0.199826
100 0.0179328 277 726 120 0.217945
100 0.0177185 277 727 120 0.234373
100 0.0175289 277 728 120 0.249444
100 0.0173592 277 729 120 0.263391
100 0.017206 277 730 120 0.276385
100 0.0170669 277 731 120 0.288555
100 0.0169397 277 732 120 0.3
100 0.0168231 277 733 120 0.310801
100 0.0167157 277 734 120 0.321023
100 0.0166165 277 735 120 0.330719
100 0.0165247 277 736 120 0.339935
100 0.0164395 277 737 120 0.348708
100 0.0163604 277 738 120 0.357071
100 0.0162867 277 739 120 0.365053
100 0.0162182 277 740 120 0.372678
100 0.0161543 277 741 120 0.379967
100 0.0160948 277 742 120 0.38694
100 0.0160393 277 743 120 0.393612
100 0.0159876 277 744 120 0.4
100 0.0159395 277 745 120 0.406116
100 0.0158947 277 746 120 0.411974
100 0.015853 277 747 120 0.417582
100 0.0158143 277 748 120 0.422953
100 0.0157784 277 749 120 0.428093
100 0.0157453 277 750 120 0.433013
100 0.0157147 277 751 120 0.437718
100 0.0156865 277 752 120 0.442217
100 0.0156607 277 753 120 0.446514
100 0.0156372 277 754 120 0.450617
100 0.0156158 277 755 120 0.45453
100 0.0155965 277 756 120 0.458258
100 0.0155792 277 757 120 0.461805
100 0.0155639 277 758 120 0.465176
100 0.0155505 277 759 120 0.468375
100 0.0155389 277 760 120 0.471405
100 0.0155291 277 761 120 0.474268
100 0.0155211 277 762 120 0.47697
100 0.0155148 277 763 120 0.479511
100 0.0155101 277 764 120 0.481894
100 0.0155071 277 765 120 0.484123
100 0.0155057 277 766 120 0.486198
100 0.0155058 277 767 120 0.488123
100 0.0155076 277 768 120 0.489898
100 0.0155108 277 769 120 0.491525
100 0.0155156 277 770 120 0.493007
100 0.0155218 277 771 120 0.494343
100 0.0155296 277 772 120 0.495536
100 0.0155388 277 773 120 0.496586
100 0.0155494 277 774 120 0.497494
100 0.0155616 277 775 120 0.498261
100 0.0155751 277 776 120 0.498888
100 0.0155901 277 777 120 0.499375
100 0.0156066 277 778 120 0.499722
100 0.0156245 277 779 120 0.499931
100 0.0156438 277 780 120 0.5
100 0.0156646 277 781 120 0.499931
100 0.0156868 277 782 120 0.499722
100 0.0157105 277 783 120 0.499375
100 0.0157357 277 784 120 0.498888
100 0.0157624 277 785 120 0.498261
100 0.0157905 277 786 120 0.497494
100 0.0157633 278 787 120 0.496586
100 0.0157944 278 788 120 0.495536
100 0.0157703 279 789 120 0.494343
100 0.015748 280 790 120 0.493007
100 0.0157274 281 791 120 0.491525
100 0.0157645 281 792 120 0.489898
100 0.0157472 282 793 120 0.488123
100 0.0157317 283 794 120 0.486198
100 0.0157736 283 795 120 0.484123
100 0.0157615 284 796 120 0.481894
100 0.0158067 284 797 120 0.479511
100 0.0157981 285 798 120 0.47697
100 0.0157915 286 799 120 0.474268
100 0.015842 286 800 120 0.471405
100 0.0158392 287 801 120 0.468375
100 0.0158384 288 802 120 0.465176
100 0.0158397 289 803 120 0.461805
100 0.0158432 290 804 120 0.458258
100 0.0158489 291 805 120 0.45453
100 0.0158569 292 806 120 0.450617
100 0.0159216 292 807 120 0.446514
100 0.0159343 293 808 120 0.442217
100 0.0159495 294 809 120 0.437718
100 0.0159673 295 810 120 0.433013
100 0.0159879 296 811 120 0.428093
100 0.0160654 296 812 120 0.422953
100 0.0160918 297 813 120 0.417582
100 0.0161213 298 814 120 0.411974
100 0.0162084 298 815 120 0.406116
100 0.0162446 299 816 120 0.4
100 0.0162846 300 817 120 0.393612
100 0.016383 300 818 120 0.38694
100 0.0164311 301 819 120 0.379967
100 0.0164838 302 820 120 0.372678
100 0.0165413 303 821 120 0.365053
100 0.0166041 304 822 120 0.357071
100 0.0166725 305 823 120 0.348708
100 0.0167472 306 824 120 0.339935
100 0.0168286 307 825 120 0.330719
100 0.0169727 307 826 120 0.321023
100 0.0170701 308 827 120 0.310801
100 0.017177 309 828 120 0.3
100 0.0172945 310 829 120 0.288555
100 0.0174243 311 830 120 0.276385
100 0.0175682 312 831 120 0.263391
100 0.0177289 313 832 120 0.249444
100 0.0179097 314 833 120 0.234373
100 0.0181153 315 834 120 0.217945
100 0.0183527 316 835 120 0.199826
100 0.0186323 317 836 120 0.179505
100 0.018972 318 837 120 0.156125
100 0.0194069 319 838 120 0.128019
100 0.0200283 320 839 120 0.0909059
100 0.0218069 321 840 120 0
100 0.0200135 321 841 120 0.0909059
100 0.019378 321 842 120 0.128019
100 0.0189294 321 843 120 0.156125
100 0.0185762 321 844 120 0.179505
100 0.0182832 321 845 120 0.199826
100 0.0180325 321 846 120 0.217945
100 0.0178136 321 847 120 0.234373
100 0.0176195 321 848 120 0.249444
100 0.0174455 321 849 120 0.263391
100 0.0172882 321 850 120 0.276385
100 0.0171451 321 851 120 0.288555
100 0.0170141 321 852 120 0.3
100 0.0168937 321 853 120 0.310801
100 0.0167827 321 854 120 0.321023
100 0.0166799 321 855 120 0.330719
100 0.0165846 321 856 120 0.339935
100 0.0164959 321 857 120 0.348708
100 0.0164134 321 858 120 0.357071
100 0.0163364 321 859 120 0.365053
100 0.0162646 321 860 120 0.372678
100 0.0161975 321 861 120 0.379967
100 0.0161348 321 862 120 0.38694
100 0.0160762 321 863 120 0.393612
100 0.0160214 321 864 120 0.4
100 0.0159701 321 865 120 0.406116
100 0.0159223 321 866 120 0.411974
100 0.0158776 321 867 120 0.417582
100 0.0158359 321 868 120 0.422953
100 0.0157971 321 869 120 0.428093
100 0.015761 321 870 120 0.433013
100 0.0157274 321 871 120 0.437718
100 0.0156964 321 872 120 0.442217
100 0.0156677 321 873 120 0.446514
100 0.0156413 321 874 120 0.450617
100 0.0156171 321 875 120 0.45453
100 0.0155949 321 876 120 0.458258
100 0.0155748 321 877 120 0.461805
100 0.0155567 321 878 120 0.465176
100 0.0155405 321 879 120 0.468375
100 0.0155262 321 880 120 0.471405
100 0.0155136 321 881 120 0.474268
100 0.0155028 321 882 120 0.47697
100 0.0154937 321 883 120 0.479511
100 0.0154863 321 884 120 0.481894
100 0.0154806 321 885 120 0.484123
100 0.0154764 321 886 120 0.486198
100 0.0154739 321 887 120 0.488123
100 0.0154728 321 888 120 0.489898
100 0.0154734 321 889 120 0.491525
100 0.0154754 321 890 120 0.493007
100 0.0154789 321 891 120 0.494343
100 0.015484 321 892 120 0.495536
100 0.0154904 321 893 120 0.496586
100 0.0154984 321 894 120 0.497494
100 0.0155078 321 895 120 0.498261
100 0.0155186 321 896 120 0.498888
100 0.0155309 321 897 120 0.499375
100 0.0155446 321 898 120 0.499722
100 0.0155597 321 899 120 0.499931
100 0.0155763 321 900 120 0.5
100 0.0155944 321 901 120 0.499931
100 0.0156138 321 902 120 0.499722
100 0.0156348 321 903 120 0.499375
100 0.0156572 321 904 120 0.498888
100 0.015681 321 905 120 0.498261
100 0.0156576 322 906 120 0.497494
100 0.0156844 322 907 120 0.496586
100 0.0156641 323 908 120 0.495536
100 0.0156454 324 909 120 0.494343
100 0.0156284 325 910 120 0.493007
100 0.0156611 325 911 120 0.491525
100 0.0156954 325 912 120 0.489898
100 0.0156831 326 913 120 0.488123
100 0.0156726 327 914 120 0.486198
100 0.0156638 328 915 120 0.484123
100 0.0157045 328 916 120 0.481894
100 0.0156991 329 917 120 0.479511
100 0.0156955 330 918 120 0.47697
100 0.0157414 330 919 120 0.474268
100 0.0157415 331 920 120 0.471405
100 0.0157436 332 921 120 0.468375
100 0.0157476 333 922 120 0.465176
100 0.0157538 334 923 120 0.461805
100 0.015762 335 924 120 0.458258
100 0.0157724 336 925 120 0.45453
100 0.0158321 336 926 120 0.450617
100 0.015847 337 927 120 0.446514
100 0.0158642 338 928 120 0.442217
100 0.015884 339 929 120 0.437718
100 0.0159064 340 930 120 0.433013
100 0.0159315 341 931 120 0.428093
100 0.0160063 341 932 120 0.422953
100 0.0160371 342 933 120 0.417582
100 0.0160711 343 934 120 0.411974
100 0.0161553 343 935 120 0.406116
100 0.016196 344 936 120 0.4
100 0.0162404 345 937 120 0.393612
100 0.016336 345 938 120 0.38694
100 0.0163885 346 939 120 0.379967
100 0.0164456 347 940 120 0.372678
100 0.0165074 348 941 120 0.365053
100 0.0165745 349 942 120 0.357071
100 0.0166473 350 943 120 0.348708
100 0.0167263 351 944 120 0.339935
100 0.0168121 352 945 120 0.330719
100 0.0169534 352 946 120 0.321023
100 0.0170552 353 947 120 0.310801
100 0.0171664 354 948 120 0.3
100 0.0172884 355 949 120 0.288555
100 0.0174225 356 950 120 0.276385
100 0.0175709 357 951 120 0.263391
100 0.017736 358 952 120 0.249444
100 0.0179214 359 953 120 0.234373
100 0.0181316 360 954 120 0.217945
100 0.0183737 361 955 120 0.199826
100 0.0186581 362 956 120 0.179505
100 0.0190029 363 957 120 0.156125
100 0.0194431 364 958 120 0.128019
100 0.0200705 365 959 120 0.0909059
100 0.0218579 366 960 120 0
100 0.0200574 366 961 120 0.0909059
100 0.0194176 366 962 120 0.128019
100 0.0189653 366 963 120 0.156125
100 0.0186086 366 964 120 0.179505
100 0.0183125 366 965 120 0.199826
100 0.0180587 366 966 120 0.217945
100 0.0178368 366 967 120 0.234373
100 0.0176399 366 968 120 0.249444
100 0.0174632 366 969 120 0.263391
100 0.0173032 366 970 120 0.276385
100 0.0171575 366 971 120 0.288555
100 0.017024 366 972 120 0.3
100 0.0169011 366 973 120 0.310801
100 0.0167875 366 974 120 0.321023
100 0.0166823 366 975 120 0.330719
100 0.0165846 366 976 120 0.339935
100 0.0164936 366 977 120 0.348708
100 0.0164087 366 978 120 0.357071
100 0.0163294 366 979 120 0.365053
100 0.0162553 366 980 120 0.372678
100 0.0161859 366 981 120 0.379967
100 0.016121 366 982 120 0.38694
100 0.0160601 366 983 120 0.393612
100 0.0160031 366 984 120 0.4
100 0.0159497 366 985 120 0.406116
100 0.0158997 366 986 120 0.411974
100 0.0158528 366 987 120 0.417582
100 0.015809 366 988 120 0.422953
100 0.015768 366 989 120 0.428093
100 0.0157298 366 990 120 0.433013
100 0.0156941 366 991 120 0.437718
100 0.015661 366 992 120 0.442217
100 0.0156302 366 993 120 0.446514
100 0.0156017 366 994 120 0.450617
100 0.0155754 366 995 120 0.45453
100 0.0155512 366 996 120 0.458258
100 0.015529 366 997 120 0.461805
100 0.0155088 366 998 120 0.465176
100 0.0154905 366 999 120 0.468375
100 0.0154741 366 1000 120 0.471405
100 0.0154595 366 1001 120 0.474268
100 0.0154466 366 1002 120 0.47697
100 0.0154355 366 1003 120 0.479511
100 0.015426 366 1004 120 0.481894
100 0.0154182 366 1005 120 0.484123
100 0.015412 366 1006 120 0.486198
100 0.0154074 366 1007 120 0.488123
100 0.0154043 366 1008 120 0.489898
100 0.0154027 366 1009 120 0.491525
100 0.0154027 366 1010 120 0.493007
100 0.0154042 366 1011 120 0.494343
100 0.0154071 366 1012 120 0.495536
100 0.0154115 366 1013 120 0.496586
100 0.0154174 366 1014 120 0.497494
100 0.0154247 366 1015 120 0.498261
100 0.0154334 366 1016 120 0.498888
100 0.0154436 366 1017 120 0.499375
100 0.0154552 366 1018 120 0.499722
100 0.0154682 366 1019 120 0.499931
100 0.0154827 366 1020 120 0.5
100 0.0154986 366 1021 120 0.499931
100 0.0155159 366 1022 120 0.499722
100 0.0155347 366 1023 120 0.499375
100 0.0155549 366 1024 120 0.498888
100 0.0155767 366 1025 120 0.498261
100 0.0155998 366 1026 120 0.497494
100 0.0155819 367 1027 120 0.496586
100 0.0156081 367 1028 120 0.495536
100 0.0155932 368 1029 120 0.494343
100 0.01558 369 1030 120 0.493007
100 0.0155684 370 1031 120 0.491525
100 0.0156006 370 1032 120 0.489898
100 0.0155922 371 1033 120 0.488123
100 0.0155855 372 1034 120 0.486198
100 0.0156223 372 1035 120 0.484123
100 0.015619 373 1036 120 0.481894
100 0.0156592 373 1037 120 0.479511
100 0.0156593 374 1038 120 0.47697
100 0.0156613 375 1039 120 0.474268
100 0.0156651 376 1040 120 0.471405
100 0.0156708 377 1041 120 0.468375
100 0.0156785 378 1042 120 0.465176
100 0.0156882 379 1043 120 0.461805
100 0.0157001 380 1044 120 0.458258
100 0.015714 381 1045 120 0.45453
100 0.0157715 381 1046 120 0.450617
100 0.0157899 382 1047 120 0.446514
100 0.0158107 383 1048 120 0.442217
100 0.0158339 384 1049 120 0.437718
100 0.0158598 385 1050 120 0.433013
100 0.0158883 386 1051 120 0.428093
100 0.0159609 386 1052 120 0.422953
100 0.0159951 387 1053 120 0.417582
100 0.0160325 388 1054 120 0.411974
100 0.0161146 388 1055 120 0.406116
100 0.0161586 389 1056 120 0.4
100 0.0162064 390 1057 120 0.393612
100 0.0162998 390 1058 120 0.38694
100 0.0163557 391 1059 120 0.379967
100 0.0164161 392 1060 120 0.372678
100 0.0164813 393 1061 120 0.365053
100 0.0165518 394 1062 120 0.357071
100 0.0166279 395 1063 120 0.348708
100 0.0167102 396 1064 120 0.339935
100 0.0167993 397 1065 120 0.330719
100 0.0169385 397 1066 120 0.321023
100 0.0170437 398 1067 120 0.310801
100 0.0171583 399 1068 120 0.3
100 0.0172836 400 1069 120 0.288555
100 0.0174211 401 1070 120 0.276385
100 0.0175729 402 1071 120 0.263391
100 0.0177416 403 1072 120 0.249444
100 0.0179304 404 1073 120 0.234373
100 0.0181443 405 1074 120 0.217945
100 0.01839 406 1075 120 0.199826
100 0.0186783 407 1076 120 0.179505
100 0.019027 408 1077 120 0.156125
100 0.0194714 409 1078 120 0.128019
100 0.0201034 410 1079 120 0.0909059
100 0.0218978 411 1080 120 0
100 0.0200916 411 1081 120 0.0909059
100 0.0194486 411 1082 120 0.128019
100 0.0189933 411 1083 120 0.156125
100 0.018634 411 1084 120 0.179505
100 0.0183353 411 1085 120 0.199826
100 0.0180792 411 1086 120 0.217945
100 0.017855 411 1087 120 0.234373
100 0.0176559 411 1088 120 0.249444
100 0.017477 411 1089 120 0.263391
100 0.017315 411 1090 120 0.276385
100 0.0171672 411 1091 120 0.288555
100 0.0170316 411 1092 120 0.3
100 0.0169068 411 1093 120 0.310801
100 0.0167913 411 1094 120 0.321023
100 0.0166842 411 1095 120 0.330719
100 0.0165846 411 1096 120 0.339935
100 0.0164917 411 1097 120 0.348708
100 0.016405 411 1098 120 0.357071
100 0.0163239 411 1099 120 0.365053
100 0.016248 411 1100 120 0.372678
100 0.0161769 411 1101 120 0.379967
100 0.0161102 411 1102 120 0.38694
100 0.0160476 411 1103 120 0.393612
100 0.0159889 411 1104 120 0.4
100 0.0159337 411 1105 120 0.406116
100 0.015882 411 1106 120 0.411974
100 0.0158335 411 1107 120 0.417582
100 0.015788 411 1108 120 0.422953
100 0.0157453 411 1109 120 0.428093
100 0.0157054 411 1110 120 0.433013
100 0.0156681 411 1111 120 0.437718
100 0.0156333 411 1112 120 0.442217
100 0.0156009 411 1113 120 0.446514
100 0.0155707 411 1114 120 0.450617
100 0.0155428 411 1115 120 0.45453
100 0.015517 411 1116 120 0.458258
100 0.0154932 411 1117 120 0.461805
100 0.0154714 411 1118 120 0.465176
100 0.0154515 411 1119 120 0.468375
100 0.0154334 411 1120 120 0.471405
100 0.0154172 411 1121 120 0.474268
100 0.0154027 411 1122 120 0.47697
100 0.01539 411 1123 120 0.479511
100 0.0153789 411 1124 120 0.481894
100 0.0153695 411 1125 120 0.484123
100 0.0153617 411 1126 120 0.486198
100 0.0153554 411 1127 120 0.488123
100 0.0153507 411 1128 120 0.489898
100 0.0153476 411 1129 120 0.491525
100 0.0153459 411 1130 120 0.493007
100 0.0153458 411 1131 120 0.494343
100 0.0153471 411 1132 120 0.495536
100 0.0153499 411 1133 120 0.496586
100 0.0153541 411 1134 120 0.497494
100 0.0153598 411 1135 120 0.498261
100 0.0153669 411 1136 120 0.498888
100 0.0153754 411 1137 120 0.499375
100 0.0153854 411 1138 120 0.499722
100 0.0153968 411 1139 120 0.499931
100 0.0154096 411 1140 120 0.5
100 0.0154238 411 1141 120 0.499931
100 0.0154395 411 1142 120 0.499722
100 0.0154566 411 1143 120 0.499375
100 0.0154751 411 1144 120 0.498888
100 0.0154951 411 1145 120 0.498261
100 0.0155166 411 1146 120 0.497494
100 0.0155396 411 1147 120 0.496586
100 0.015564 411 1148 120 0.495536
100 0.0155522 412 1149 120 0.494343
100 0.0155796 412 1150 120 0.493007
100 0.0155709 413 1151 120 0.491525
100 0.0155638 414 1152 120 0.489898
100 0.0155583 415 1153 120 0.488123
100 0.0155919 415 1154 120 0.486198
100 0.0155897 416 1155 120 0.484123
100 0.0156267 416 1156 120 0.481894
100 0.0156278 417 1157 120 0.479511
100 0.0156307 418 1158 120 0.47697
100 0.0156729 418 1159 120 0.474268
100 0.0156794 419 1160 120 0.471405
100 0.0156879 420 1161 120 0.468375
100 0.0156983 421 1162 120 0.465176
100 0.0157107 422 1163 120 0.461805
100 0.0157252 423 1164 120 0.458258
100 0.0157419 424 1165 120 0.45453
100 0.0157607 425 1166 120 0.450617
100 0.0157818 426 1167 120 0.446514
100 0.0158424 426 1168 120 0.442217
100 0.0158683 427 1169 120 0.437718
100 0.0158968 428 1170 120 0.433013
100 0.015928 429 1171 120 0.428093
100 0.015962 430 1172 120 0.422953
100 0.0159989 431 1173 120 0.417582
100 0.016039 432 1174 120 0.411974
100 0.0161195 432 1175 120 0.406116
100 0.0161663 433 1176 120 0.4
100 0.0162167 434 1177 120 0.393612
100 0.0162711 435 1178 120 0.38694
100 0.0163672 435 1179 120 0.379967
100 0.0164303 436 1180 120 0.372678
100 0.0164982 437 1181 120 0.365053
100 0.0165714 438 1182 120 0.357071
100 0.0166503 439 1183 120 0.348708
100 0.0167353 440 1184 120 0.339935
100 0.0168272 441 1185 120 0.330719
100 0.0169266 442 1186 120 0.321023
100 0.0170345 443 1187 120 0.310801
100 0.0171518 444 1188 120 0.3
100 0.0172798 445 1189 120 0.288555
100 0.01742 446 1190 120 0.276385
100 0.0175746 447 1191 120 0.263391
100 0.017746 448 1192 120 0.249444
100 0.0179377 449 1193 120 0.234373
100 0.0181544 450 1194 120 0.217945
100 0.0184031 451 1195 120 0.199826
100 0.0186944 452 1196 120 0.179505
100 0.0190463 453 1197 120 0.156125
100 0.0194941 454 1198 120 0.128019
100 0.0201298 455 1199 120 0.0909059
100 0.0219298 456 1200 120 0
