100 0.916669 1 1 120 0.0909059
100 1.77302 1 2 120 0.128019
100 2.59488 1 3 120 0.156125
100 3.39125 1 4 120 0.179505
100 4.16727 1 5 120 0.199826
100 2.46317 2 6 120 0.217945
100 2.83545 2 7 120 0.234373
100 3.20142 2 8 120 0.249444
100 3.56184 2 9 120 0.263391
100 3.91731 2 10 120 0.276385
100 2.84557 3 11 120 0.288555
100 3.07692 3 12 120 0.3
100 3.30587 3 13 120 0.310801
100 3.53262 3 14 120 0.321023
100 3.68997 3 15 120 0.355023
100 2.93336 4 16 120 0.363624
100 3.09803 4 17 120 0.371839
100 3.2616 4 18 120 0.379693
100 3.42414 4 19 120 0.387209
100 3.58576 4 20 120 0.394405
100 3.74652 4 21 120 0.4013
100 3.90651 4 22 120 0.407908
100 4.06578 4 23 120 0.414243
100 3.37953 5 24 120 0.420317
100 3.50596 5 25 120 0.426142
100 3.63198 5 26 120 0.431728
100 3.75761 5 27 120 0.437083
100 3.23576 6 28 120 0.442217
100 3.33993 6 29 120 0.447136
100 3.44389 6 30 120 0.451848
100 3.54766 6 31 120 0.456359
100 3.65128 6 32 120 0.460676
100 3.21838 7 33 120 0.464803
100 3.307 7 34 120 0.468745
100 3.39557 7 35 120 0.472508
100 3.4841 7 36 120 0.476095
100 3.12603 8 37 120 0.479511
100 3.20349 8 38 120 0.482758
100 3.28097 8 39 120 0.485841
100 2.98533 9 40 120 0.488763
100 3.05429 9 41 120 0.491525
100 3.12333 9 42 120 0.494132
100 3.19245 9 43 120 0.496586
100 2.93551 10 44 120 0.498888
100 2.99792 10 45 120 0.501041
100 3.06045 10 46 120 0.503046
100 3.12312 10 47 120 0.504906
100 3.18593 10 48 120 0.506623
100 2.95356 11 49 120 0.508197
100 3.01097 11 50 120 0.509629
100 3.06857 11 51 120 0.510922
100 3.12635 11 52 120 0.512076
100 3.18433 11 53 120 0.513092
100 3.20869 11 54 120 0.529937
100 2.99436 12 55 120 0.530657
100 3.04763 12 56 120 0.531246
100 3.10112 12 57 120 0.531703
100 3.15486 12 58 120 0.53203
100 3.20884 12 59 120 0.532225
100 3.23055 12 60 120 0.547723
100 3.22283 12 61 120 0.57729
100 3.02403 13 62 120 0.57711
100 3.07339 13 63 120 0.576809
100 2.89994 14 64 120 0.576387
100 2.94627 14 65 120 0.575845
100 2.99285 14 66 120 0.575181
100 3.03971 14 67 120 0.574396
100 2.88107 15 68 120 0.573488
100 2.92536 15 69 120 0.572458
100 2.96993 15 70 120 0.571305
100 2.98734 15 71 120 0.584463
100 2.84253 16 72 120 0.583095
100 2.88473 16 73 120 0.581605
100 2.75504 17 74 120 0.57999
100 2.79535 17 75 120 0.578252
100 2.83597 17 76 120 0.576387
100 2.82609 17 77 120 0.602714
100 2.70716 18 78 120 0.600694
100 2.74554 18 79 120 0.598551
100 2.78424 18 80 120 0.596285
100 2.67468 19 81 120 0.593893
100 2.71199 19 82 120 0.591373
100 2.74964 19 83 120 0.588725
100 2.78764 19 84 120 0.585947
100 2.68472 20 85 120 0.583036
100 2.72154 20 86 120 0.57999
100 2.75874 20 87 120 0.576809
100 2.77106 20 88 120 0.58784
100 2.78377 20 89 120 0.598551
100 2.79684 20 90 120 0.608961
100 2.6991 21 91 120 0.605473
100 2.73493 21 92 120 0.601849
100 2.74749 21 93 120 0.611862
100 2.65709 22 94 120 0.608048
100 2.69197 22 95 120 0.604095
100 2.70407 22 96 120 0.613732
100 2.6733 22 97 120 0.649305
100 2.58975 23 98 120 0.645282
100 2.6228 23 99 120 0.641125
100 2.63539 23 100 120 0.649786
100 2.64819 23 101 120 0.658228
100 2.56979 24 102 120 0.653835
100 2.60211 24 103 120 0.649305
100 2.57581 24 104 120 0.682316
100 2.50332 25 105 120 0.677772
100 2.53423 25 106 120 0.673094
100 2.49356 25 107 120 0.716424
100 2.42659 26 108 120 0.711805
100 2.43917 26 109 120 0.718747
100 2.43578 26 110 120 0.736923
100 2.37342 27 111 120 0.732149
100 2.40159 27 112 120 0.727247
100 2.41407 27 113 120 0.733665
100 2.42666 27 114 120 0.739932
100 2.43936 27 115 120 0.746054
100 2.37976 28 116 120 0.74087
100 2.39213 28 117 120 0.746799
100 2.40461 28 118 120 0.752588
100 2.41719 28 119 120 0.758242
100 2.37275 28 120 120 0.806226
100 2.31672 29 121 120 0.800998
100 2.32933 29 122 120 0.806053
100 2.34202 29 123 120 0.810992
100 2.35479 29 124 120 0.815816
100 2.36764 29 125 120 0.820527
100 2.38056 29 126 120 0.825126
100 2.38058 29 127 120 0.839601
100 2.32643 30 128 120 0.834
100 2.33915 30 129 120 0.838277
100 2.35194 30 130 120 0.84245
100 2.36481 30 131 120 0.846521
100 2.37775 30 132 120 0.85049
100 2.39076 30 133 120 0.85436
100 2.39142 30 134 120 0.867788
100 2.33904 31 135 120 0.861805
100 2.35185 31 136 120 0.865384
100 2.36472 31 137 120 0.868867
100 2.37767 31 138 120 0.872258
100 2.36692 31 139 120 0.894388
100 2.31703 32 140 120 0.888194
100 2.32977 32 141 120 0.891277
100 2.34259 32 142 120 0.894272
100 2.35547 32 143 120 0.897179
100 2.35699 32 144 120 0.909212
100 2.30928 33 145 120 0.902735
100 2.32197 33 146 120 0.905385
100 2.33473 33 147 120 0.907951
100 2.28954 34 148 120 0.901234
100 2.30207 34 149 120 0.903658
100 2.30361 34 150 120 0.91515
100 2.3054 34 151 120 0.926425
100 2.26245 35 152 120 0.919541
100 2.27487 35 153 120 0.921615
100 2.28737 35 154 120 0.92361
100 2.29993 35 155 120 0.925525
100 2.30188 35 156 120 0.936305
100 2.29372 35 157 120 0.955648
100 2.2524 36 158 120 0.948537
100 2.26483 36 159 120 0.95011
100 2.2672 36 160 120 0.960324
100 2.228 37 161 120 0.953029
100 2.24029 37 162 120 0.954376
100 2.2427 37 163 120 0.964329
100 2.20548 38 164 120 0.956847
100 2.21766 38 165 120 0.957971
100 2.2201 38 166 120 0.967672
100 2.2132 38 167 120 0.985696
100 2.1777 39 168 120 0.978093
100 2.18976 39 169 120 0.97891
100 2.15615 40 170 120 0.97111
100 2.17759 40 171 120 0.963176
100 2.14573 41 172 120 0.955103
100 2.1576 41 173 120 0.955648
100 2.15997 41 174 120 0.964797
100 2.12963 42 175 120 0.95652
100 2.14144 42 176 120 0.956847
100 2.1127 43 177 120 0.948354
100 2.12443 43 178 120 0.948537
100 2.1267 43 179 120 0.957391
100 2.09932 44 180 120 0.948683
100 2.10159 44 181 120 0.957391
100 2.07563 45 182 120 0.948537
100 2.0779 45 183 120 0.957101
100 2.05329 46 184 120 0.948098
100 2.06479 46 185 120 0.947768
100 2.07638 46 186 120 0.947365
100 2.07871 46 187 120 0.955648
100 2.08116 46 188 120 0.963789
100 2.05746 47 189 120 0.954485
100 2.05991 47 190 120 0.962491
100 2.03743 48 191 120 0.953029
100 2.02215 48 192 120 0.978093
100 2.00076 49 193 120 0.96864
100 2.01212 49 194 120 0.967672
100 1.99186 50 195 120 0.957971
100 1.97276 51 196 120 0.948098
100 1.96645 51 197 120 0.964329
100 1.94829 52 198 120 0.954376
100 1.92251 53 199 120 0.953029
100 1.93358 53 200 120 0.951607
100 1.94474 53 201 120 0.95011
100 1.95599 53 202 120 0.948537
100 1.96734 53 203 120 0.946888
100 1.9699 53 204 120 0.953939
100 1.94467 54 205 120 0.952154
100 1.94731 54 206 120 0.959021
100 1.94156 54 207 120 0.974359
100 1.92807 54 208 120 0.997775
100 1.90401 55 209 120 0.99579
100 1.90711 55 210 120 1.00208
100 1.88396 56 211 120 0.999965
100 1.89497 56 212 120 0.997775
100 1.90606 56 213 120 0.995511
100 1.91726 56 214 120 0.993171
100 1.92048 56 215 120 0.999132
100 1.92377 56 216 120 1.00499
100 1.92715 56 217 120 1.01074
100 1.92282 56 218 120 1.02456
100 1.91878 56 219 120 1.03813
100 1.91502 56 220 120 1.05145
100 1.89724 56 221 120 1.08009
100 1.8748 57 222 120 1.07742
100 1.88573 57 223 120 1.07468
100 1.88969 57 224 120 1.07961
100 1.86798 58 225 120 1.07674
100 1.87196 58 226 120 1.08154
100 1.86915 58 227 120 1.09389
100 1.84823 59 228 120 1.09087
100 1.85908 59 229 120 1.08778
100 1.86319 59 230 120 1.09227
100 1.86736 59 231 120 1.09668
100 1.84706 60 232 120 1.09341
100 1.85799 60 233 120 1.09008
100 1.86901 60 234 120 1.08666
100 1.84932 61 235 120 1.08317
100 1.86037 61 236 120 1.07961
100 1.8646 61 237 120 1.08369
100 1.86207 61 238 120 1.09532
100 1.84301 62 239 120 1.0916
100 1.85408 62 240 120 1.08781
100 1.85843 62 241 120 1.0916
100 1.84296 62 242 120 1.11791
100 1.82455 63 243 120 1.11402
100 1.82902 63 244 120 1.11754
100 1.81125 64 245 120 1.11352
100 1.82218 64 246 120 1.10943
100 1.82026 64 247 120 1.12024
100 1.80307 65 248 120 1.11604
100 1.78652 66 249 120 1.11177
100 1.79102 66 250 120 1.11492
100 1.77504 67 251 120 1.11052
100 1.76713 67 252 120 1.12842
100 1.75173 68 253 120 1.12395
100 1.75628 68 254 120 1.12682
100 1.74141 69 255 120 1.12222
100 1.7521 69 256 120 1.11754
100 1.73773 70 257 120 1.11277
100 1.7485 70 258 120 1.10793
100 1.75312 70 259 120 1.11052
100 1.75778 70 260 120 1.11305
100 1.74384 71 261 120 1.10802
100 1.75479 71 262 120 1.1029
100 1.75951 71 263 120 1.10526
100 1.76428 71 264 120 1.10755
100 1.7691 71 265 120 1.10977
100 1.76154 71 266 120 1.12682
100 1.74844 71 267 120 1.15081
100 1.73488 72 268 120 1.14552
100 1.73981 72 269 120 1.14743
100 1.73893 72 270 120 1.1565
100 1.73246 72 271 120 1.17257
100 1.71933 73 272 120 1.16714
100 1.73005 73 273 120 1.16163
100 1.73512 73 274 120 1.16321
100 1.72242 74 275 120 1.15755
100 1.7333 74 276 120 1.15181
100 1.73843 74 277 120 1.15323
100 1.73781 74 278 120 1.16178
100 1.72552 75 279 120 1.15587
100 1.73072 75 280 120 1.1571
100 1.73596 75 281 120 1.15827
100 1.73548 75 282 120 1.16655
100 1.7351 75 283 120 1.1747
100 1.72925 75 284 120 1.18977
100 1.7173 76 285 120 1.18366
100 1.72824 76 286 120 1.17745
100 1.71673 77 287 120 1.17115
100 1.72212 77 288 120 1.17189
100 1.72194 77 289 120 1.17966
100 1.71082 78 290 120 1.1732
100 1.71628 78 291 120 1.17376
100 1.71619 78 292 120 1.18134
100 1.71619 78 293 120 1.18881
100 1.71627 78 294 120 1.19617
100 1.70549 79 295 120 1.18951
100 1.71657 79 296 120 1.18275
100 1.72221 79 297 120 1.18295
100 1.72235 79 298 120 1.19012
100 1.72257 79 299 120 1.19719
100 1.71749 79 300 120 1.21106
100 1.70702 80 301 120 1.20413
100 1.71276 80 302 120 1.20404
100 1.71318 80 303 120 1.2108
100 1.70309 81 304 120 1.2037
100 1.70889 81 305 120 1.20344
100 1.70938 81 306 120 1.21003
100 1.70994 81 307 120 1.21652
100 1.70535 81 308 120 1.22972
100 1.69556 82 309 120 1.22245
100 1.70146 82 310 120 1.22191
100 1.70219 82 311 120 1.22811
100 1.69787 82 312 120 1.24097
100 1.69374 82 313 120 1.25363
100 1.68422 83 314 120 1.24622
100 1.6902 83 315 120 1.24541
100 1.69622 83 316 120 1.24454
100 1.68707 84 317 120 1.2369
100 1.69827 84 318 120 1.22916
100 1.69415 84 319 120 1.24161
100 1.68535 85 320 120 1.23378
100 1.69149 85 321 120 1.23263
100 1.68306 86 322 120 1.22463
100 1.68411 86 323 120 1.23015
100 1.67601 87 324 120 1.22202
100 1.68224 87 325 120 1.22063
100 1.67451 88 326 120 1.21232
100 1.6808 88 327 120 1.2108
100 1.67342 89 328 120 1.20231
100 1.68511 89 329 120 1.1937
100 1.68619 89 330 120 1.19896
100 1.68733 89 331 120 1.20413
100 1.68329 89 332 120 1.2161
100 1.67621 90 333 120 1.20736
100 1.66947 91 334 120 1.19849
100 1.676 91 335 120 1.19649
100 1.67201 91 336 120 1.2083
100 1.66557 92 337 120 1.19928
100 1.67216 92 338 120 1.1971
100 1.67352 92 339 120 1.20182
100 1.67492 92 340 120 1.20646
100 1.6688 93 341 120 1.19719
100 1.68089 93 342 120 1.18779
100 1.67517 94 343 120 1.17825
100 1.68204 94 344 120 1.17568
100 1.67669 95 345 120 1.16592
100 1.67812 95 346 120 1.17035
100 1.67309 96 347 120 1.16043
100 1.68012 96 348 120 1.15758
100 1.68161 96 349 120 1.16187
100 1.67694 97 350 120 1.15169
100 1.68411 97 351 120 1.14864
100 1.68567 97 352 120 1.15277
100 1.68136 98 353 120 1.14234
100 1.6717 98 354 120 1.16082
100 1.66247 98 355 120 1.17895
100 1.6528 99 356 120 1.17568
100 1.65999 99 357 120 1.17234
100 1.66181 99 358 120 1.17603
100 1.66368 99 359 120 1.17966
100 1.6656 99 360 120 1.18322
100 1.65698 99 361 120 1.20067
100 1.64762 100 362 120 1.1971
100 1.64967 100 363 120 1.20043
100 1.64661 100 364 120 1.2106
100 1.63753 101 365 120 1.2069
100 1.63461 101 366 120 1.21689
100 1.6258 102 367 120 1.21309
100 1.63308 102 368 120 1.20922
100 1.63028 102 369 120 1.21903
100 1.62268 102 370 120 1.23547
100 1.61413 103 371 120 1.2315
100 1.61165 103 372 120 1.24097
100 1.60453 103 373 120 1.25695
100 1.59624 104 374 120 1.25289
100 1.60346 104 375 120 1.24875
100 1.60597 104 376 120 1.25122
100 1.6038 104 377 120 1.26026
100 1.59712 104 378 120 1.27574
100 1.58908 105 379 120 1.27145
100 1.59633 105 380 120 1.26711
100 1.60366 105 381 120 1.26269
100 1.60636 105 382 120 1.2648
100 1.60446 105 383 120 1.27342
100 1.60266 105 384 120 1.28193
100 1.59645 105 385 120 1.29676
100 1.58867 106 386 120 1.29218
100 1.59603 106 387 120 1.28752
100 1.59893 106 388 120 1.28927
100 1.59737 106 389 120 1.29741
100 1.58983 107 390 120 1.29261
100 1.5973 107 391 120 1.28774
100 1.59582 107 392 120 1.29572
100 1.58851 108 393 120 1.29075
100 1.59607 108 394 120 1.28571
100 1.59915 108 395 120 1.28709
100 1.59777 108 396 120 1.29486
100 1.59647 108 397 120 1.30253
100 1.5894 109 398 120 1.29733
100 1.58817 109 399 120 1.30488
100 1.58132 110 400 120 1.29957
100 1.58456 110 401 120 1.30061
100 1.57908 110 402 120 1.31434
100 1.57244 111 403 120 1.30892
100 1.566 112 404 120 1.30341
100 1.56498 112 405 120 1.31061
100 1.55874 113 406 120 1.30501
100 1.56644 113 407 120 1.29933
100 1.56042 114 408 120 1.29357
100 1.5546 115 409 120 1.28774
100 1.55364 115 410 120 1.29475
100 1.54801 116 411 120 1.28881
100 1.55146 116 412 120 1.28927
100 1.54604 117 413 120 1.2832
100 1.54954 117 414 120 1.28355
100 1.55308 117 415 120 1.28385
100 1.55666 117 416 120 1.28409
100 1.55587 117 417 120 1.29075
100 1.55067 118 418 120 1.28442
100 1.55876 118 419 120 1.27799
100 1.55802 118 420 120 1.28452
100 1.55733 118 421 120 1.29097
100 1.55235 119 422 120 1.28442
100 1.55612 119 423 120 1.28428
100 1.55135 120 424 120 1.27758
100 1.55966 120 425 120 1.2708
100 1.55904 120 426 120 1.27704
100 1.55849 120 427 120 1.2832
100 1.55393 121 428 120 1.27628
100 1.55788 121 429 120 1.27582
100 1.55741 121 430 120 1.28182
100 1.55699 121 431 120 1.28774
100 1.55663 121 432 120 1.29357
100 1.55227 122 433 120 1.28644
100 1.56079 122 434 120 1.27921
100 1.55667 123 435 120 1.27189
100 1.56083 123 436 120 1.27105
100 1.55692 124 437 120 1.26357
100 1.56115 124 438 120 1.2626
100 1.56542 124 439 120 1.26159
100 1.56175 125 440 120 1.25388
100 1.56609 125 441 120 1.25275
100 1.57047 125 442 120 1.25155
100 1.5749 125 443 120 1.25031
100 1.57151 126 444 120 1.24231
100 1.57601 126 445 120 1.24094
100 1.57584 126 446 120 1.24622
100 1.57267 127 447 120 1.23803
100 1.57728 127 448 120 1.23648
100 1.57718 127 449 120 1.24161
100 1.57424 128 450 120 1.23322
100 1.57895 128 451 120 1.2315
100 1.58372 128 452 120 1.22972
100 1.58372 128 453 120 1.23466
100 1.58377 128 454 120 1.23951
100 1.58109 129 455 120 1.23083
100 1.58599 129 456 120 1.22882
100 1.58611 129 457 120 1.23353
100 1.58367 130 458 120 1.22463
100 1.59359 130 459 120 1.21561
100 1.59144 131 460 120 1.20646
100 1.5916 131 461 120 1.21103
100 1.58966 132 462 120 1.20173
100 1.58792 133 463 120 1.19231
100 1.58813 133 464 120 1.19675
100 1.58659 134 465 120 1.18717
100 1.59194 134 466 120 1.18451
100 1.59068 135 467 120 1.1747
100 1.60141 135 468 120 1.16476
100 1.60049 136 469 120 1.15467
100 1.5998 137 470 120 1.14443
100 1.60006 137 471 120 1.14864
100 1.59959 138 472 120 1.13822
100 1.60539 138 473 120 1.13502
100 1.60523 139 474 120 1.12435
100 1.61117 139 475 120 1.12098
100 1.61133 140 476 120 1.11006
100 1.61174 141 477 120 1.09896
100 1.61241 142 478 120 1.08768
100 1.61868 142 479 120 1.08394
100 1.6197 143 480 120 1.07238
100 1.62616 143 481 120 1.06846
100 1.62756 144 482 120 1.05659
100 1.62795 144 483 120 1.06037
100 1.62335 145 484 120 1.0562
100 1.63007 145 485 120 1.05195
100 1.63058 145 486 120 1.05554
100 1.62621 146 487 120 1.05116
100 1.622 147 488 120 1.04669
100 1.61794 148 489 120 1.04213
100 1.61859 148 490 120 1.04549
100 1.61471 149 491 120 1.0408
100 1.61099 150 492 120 1.03602
100 1.61813 150 493 120 1.03115
100 1.61462 151 494 120 1.02618
100 1.62194 151 495 120 1.02113
100 1.61864 152 496 120 1.01598
100 1.62614 152 497 120 1.01074
100 1.62307 153 498 120 1.0054
100 1.63075 153 499 120 0.999965
100 1.62791 154 500 120 0.994429
100 1.62892 154 501 120 0.997184
100 1.62998 154 502 120 0.999861
100 1.62737 155 503 120 0.994115
100 1.62492 156 504 120 0.988264
100 1.62611 156 505 120 0.990756
100 1.62385 157 506 120 0.984745
100 1.62176 158 507 120 0.978626
100 1.61984 159 508 120 0.972397
100 1.62826 159 509 120 0.966056
100 1.62661 160 510 120 0.959601
100 1.62512 161 511 120 0.953029
100 1.62382 162 512 120 0.946338
100 1.6253 162 513 120 0.948354
100 1.62421 163 514 120 0.941482
100 1.63326 163 515 120 0.934486
100 1.63246 164 516 120 0.927362
100 1.63185 165 517 120 0.920107
100 1.64133 165 518 120 0.912719
100 1.64104 166 519 120 0.905193
100 1.64285 166 520 120 0.906765
100 1.64281 167 521 120 0.899035
100 1.65282 167 522 120 0.89116
100 1.65314 168 523 120 0.883137
100 1.65368 169 524 120 0.87496
100 1.65575 169 525 120 0.87619
100 1.65657 170 526 120 0.867788
100 1.65876 170 527 120 0.868867
100 1.66102 170 528 120 0.869866
100 1.66217 171 529 120 0.86116
100 1.66456 171 530 120 0.862007
100 1.66601 172 531 120 0.853058
100 1.66852 172 532 120 0.85375
100 1.67029 173 533 120 0.84455
100 1.67293 173 534 120 0.845084
100 1.67503 174 535 120 0.835622
100 1.68703 174 536 120 0.825967
100 1.68964 175 537 120 0.816114
100 1.69254 176 538 120 0.806053
100 1.69575 177 539 120 0.795779
100 1.69929 178 540 120 0.785281
100 1.70316 179 541 120 0.774552
100 1.70738 180 542 120 0.763581
100 1.71198 181 543 120 0.752357
100 1.71696 182 544 120 0.74087
100 1.72236 183 545 120 0.729107
100 1.72819 184 546 120 0.717054
100 1.73448 185 547 120 0.704697
100 1.74126 186 548 120 0.692018
100 1.74856 187 549 120 0.679
100 1.75642 188 550 120 0.665624
100 1.76077 188 551 120 0.664528
100 1.76524 188 552 120 0.663325
100 1.76983 188 553 120 0.662015
100 1.77455 188 554 120 0.660597
100 1.77939 188 555 120 0.659071
100 1.78435 188 556 120 0.657436
100 1.77998 189 557 120 0.655691
100 1.78517 189 558 120 0.653835
100 1.78108 190 559 120 0.651867
100 1.77716 191 560 120 0.649786
100 1.77342 192 561 120 0.647592
100 1.77908 192 562 120 0.645282
100 1.77563 193 563 120 0.642856
100 1.77236 194 564 120 0.640312
100 1.77838 194 565 120 0.63765
100 1.77541 195 566 120 0.634867
100 1.78172 195 567 120 0.631961
100 1.77905 196 568 120 0.628932
100 1.78565 196 569 120 0.625777
100 1.7833 197 570 120 0.622495
100 1.7902 197 571 120 0.619083
100 1.78819 198 572 120 0.61554
100 1.78638 199 573 120 0.611862
100 1.78477 200 574 120 0.608048
100 1.78337 201 575 120 0.604095
100 1.78218 202 576 120 0.6
100 1.7812 203 577 120 0.59576
100 1.7892 203 578 120 0.591373
100 1.78861 204 579 120 0.586835
100 1.78825 205 580 120 0.582142
100 1.78812 206 581 120 0.57729
100 1.78823 207 582 120 0.572276
100 1.78859 208 583 120 0.567095
100 1.79779 208 584 120 0.561743
100 1.79862 209 585 120 0.556215
100 1.79972 210 586 120 0.550505
100 1.80968 210 587 120 0.544607
100 1.81131 211 588 120 0.538516
100 1.81325 212 589 120 0.532225
100 1.82406 212 590 120 0.525727
100 1.82661 213 591 120 0.519013
100 1.82951 214 592 120 0.512076
100 1.83276 215 593 120 0.504906
100 1.8364 216 594 120 0.497494
100 1.84044 217 595 120 0.489827
100 1.8449 218 596 120 0.481894
100 1.84981 219 597 120 0.473682
100 1.86366 219 598 120 0.465176
100 1.86954 220 599 120 0.456359
100 1.87597 221 600 120 0.447214
100 1.88299 222 601 120 0.437718
100 1.89064 223 602 120 0.42785
100 1.89898 224 603 120 0.417582
100 1.90808 225 604 120 0.406885
100 1.918 226 605 120 0.395724
100 1.92882 227 606 120 0.384057
100 1.94067 228 607 120 0.371839
100 1.95364 229 608 120 0.359011
100 1.9679 230 609 120 0.345507
100 1.98363 231 610 120 0.331243
100 2.00105 232 611 120 0.316118
100 2.02047 233 612 120 0.3
100 2.00709 233 613 120 0.310801
100 1.99481 233 614 120 0.321023
100 1.9835 233 615 120 0.330719
100 1.97306 233 616 120 0.339935
100 1.96341 233 617 120 0.348708
100 1.95447 233 618 120 0.357071
100 1.94619 233 619 120 0.365053
100 1.93851 233 620 120 0.372678
100 1.93138 233 621 120 0.379967
100 1.92476 233 622 120 0.38694
100 1.91863 233 623 120 0.393612
100 1.91294 233 624 120 0.4
100 1.90767 233 625 120 0.406116
100 1.90279 233 626 120 0.411974
100 1.89829 233 627 120 0.417582
100 1.89415 233 628 120 0.422953
100 1.89033 233 629 120 0.428093
100 1.88684 233 630 120 0.433013
100 1.88365 233 631 120 0.437718
100 1.88075 233 632 120 0.442217
100 1.87813 233 633 120 0.446514
100 1.87577 233 634 120 0.450617
100 1.87368 233 635 120 0.45453
100 1.87183 233 636 120 0.458258
100 1.87023 233 637 120 0.461805
100 1.86885 233 638 120 0.465176
100 1.8677 233 639 120 0.468375
100 1.86677 233 640 120 0.471405
100 1.86606 233 641 120 0.474268
100 1.86555 233 642 120 0.47697
100 1.86525 233 643 120 0.479511
100 1.86515 233 644 120 0.481894
100 1.86524 233 645 120 0.484123
100 1.86552 233 646 120 0.486198
100 1.86599 233 647 120 0.488123
100 1.86665 233 648 120 0.489898
100 1.86749 233 649 120 0.491525
100 1.86851 233 650 120 0.493007
100 1.86971 233 651 120 0.494343
100 1.87109 233 652 120 0.495536
100 1.87265 233 653 120 0.496586
100 1.87438 233 654 120 0.497494
100 1.87628 233 655 120 0.498261
100 1.87836 233 656 120 0.498888
100 1.88061 233 657 120 0.499375
100 1.88304 233 658 120 0.499722
100 1.88564 233 659 120 0.499931
100 1.88841 233 660 120 0.5
100 1.89136 233 661 120 0.499931
100 1.89449 233 662 120 0.499722
100 1.89779 233 663 120 0.499375
100 1.90127 233 664 120 0.498888
100 1.90493 233 665 120 0.498261
100 1.90877 233 666 120 0.497494
100 1.91279 233 667 120 0.496586
100 1.91701 233 668 120 0.495536
100 1.9132 234 669 120 0.494343
100 1.91777 234 670 120 0.493007
100 1.91436 235 671 120 0.491525
100 1.91118 236 672 120 0.489898
100 1.90822 237 673 120 0.488123
100 1.90549 238 674 120 0.486198
100 1.90299 239 675 120 0.484123
100 1.90867 239 676 120 0.481894
100 1.9066 240 677 120 0.479511
100 1.9127 240 678 120 0.47697
100 1.91107 241 679 120 0.474268
100 1.90968 242 680 120 0.471405
100 1.91644 242 681 120 0.468375
100 1.91553 243 682 120 0.465176
100 1.91488 244 683 120 0.461805
100 1.9145 245 684 120 0.458258
100 1.9144 246 685 120 0.45453
100 1.91458 247 686 120 0.450617
100 1.91506 248 687 120 0.446514
100 1.91584 249 688 120 0.442217
100 1.91693 250 689 120 0.437718
100 1.91834 251 690 120 0.433013
100 1.92774 251 691 120 0.428093
100 1.92981 252 692 120 0.422953
100 1.93225 253 693 120 0.417582
100 1.94273 253 694 120 0.411974
100 1.94594 254 695 120 0.406116
100 1.94958 255 696 120 0.4
100 1.96133 255 697 120 0.393612
100 1.96588 256 698 120 0.38694
100 1.97095 257 699 120 0.379967
100 1.97656 258 700 120 0.372678
100 1.98275 259 701 120 0.365053
100 1.98958 260 702 120 0.357071
100 1.99709 261 703 120 0.348708
100 2.00534 262 704 120 0.339935
100 2.01441 263 705 120 0.330719
100 2.03207 263 706 120 0.321023
100 2.04305 264 707 120 0.310801
100 2.05515 265 708 120 0.3
100 2.06853 266 709 120 0.288555
100 2.08336 267 710 120 0.276385
100 2.09989 268 711 120 0.263391
100 2.11841 269 712 120 0.249444
100 2.13934 270 713 120 0.234373
100 2.16322 271 714 120 0.217945
100 2.19088 272 715 120 0.199826
100 2.22357 273 716 120 0.179505
100 2.26341 274 717 120 0.156125
100 2.3146 275 718 120 0.128019
100 2.38799 276 719 120 0.0909059
100 2.59928 277 720 120 0
100 2.38599 277 721 120 0.0909059
100 2.31069 277 722 120 0.128019
100 2.25764 277 723 120 0.156125
100 2.21594 277 724 120 0.179505
100 2.18142 277 725 120 0.199826
100 2.15194 277 726 120 0.217945
100 2.12622 277 727 120 0.234373
100 2.10346 277 728 120 0.249444
100 2.0831 277 729 120 0.263391
100 2.06472 277 730 120 0.276385
100 2.04802 277 731 120 0.288555
100 2.03277 277 732 120 0.3
100 2.01877 277 733 120 0.310801
100 2.00588 277 734 120 0.321023
100 1.99398 277 735 120 0.330719
100 1.98296 277 736 120 0.339935
100 1.97274 277 737 120 0.348708
100 1.96324 277 738 120 0.357071
100 1.95441 277 739 120 0.365053
100 1.94618 277 740 120 0.372678
100 1.93852 277 741 120 0.379967
100 1.93137 277 742 120 0.38694
100 1.92472 277 743 120 0.393612
100 1.91851 277 744 120 0.4
100 1.91274 277 745 120 0.406116
100 1.90736 277 746 120 0.411974
100 1.90236 277 747 120 0.417582
100 1.89772 277 748 120 0.422953
100 1.89341 277 749 120 0.428093
100 1.88943 277 750 120 0.433013
100 1.88576 277 751 120 0.437718
100 1.88238 277 752 120 0.442217
100 1.87928 277 753 120 0.446514
100 1.87646 277 754 120 0.450617
100 1.87389 277 755 120 0.45453
100 1.87158 277 756 120 0.458258
100 1.86951 277 757 120 0.461805
100 1.86767 277 758 120 0.465176
100 1.86606 277 759 120 0.468375
100 1.86467 277 760 120 0.471405
100 1.8635 277 761 120 0.474268
100 1.86253 277 762 120 0.47697
100 1.86177 277 763 120 0.479511
100 1.86121 277 764 120 0.481894
100 1.86085 277 765 120 0.484123
100 1.86068 277 766 120 0.486198
100 1.8607 277 767 120 0.488123
100 1.86091 277 768 120 0.489898
100 1.8613 277 769 120 0.491525
100 1.86187 277 770 120 0.493007
100 1.86262 277 771 120 0.494343
100 1.86355 277 772 120 0.495536
100 1.86465 277 773 120 0.496586
100 1.86593 277 774 120 0.497494
100 1.86739 277 775 120 0.498261
100 1.86902 277 776 120 0.498888
100 1.87082 277 777 120 0.499375
100 1.87279 277 778 120 0.499722
100 1.87494 277 779 120 0.499931
100 1.87726 277 780 120 0.5
100 1.87975 277 781 120 0.499931
100 1.88242 277 782 120 0.499722
100 1.88526 277 783 120 0.499375
100 1.88828 277 784 120 0.498888
100 1.89148 277 785 120 0.498261
100 1.89486 277 786 120 0.497494
100 1.8916 278 787 120 0.496586
100 1.89533 278 788 120 0.495536
100 1.89244 279 789 120 0.494343
100 1.88976 280 790 120 0.493007
100 1.88729 281 791 120 0.491525
100 1.89174 281 792 120 0.489898
100 1.88967 282 793 120 0.488123
100 1.88781 283 794 120 0.486198
100 1.89283 283 795 120 0.484123
100 1.89137 284 796 120 0.481894
100 1.8968 284 797 120 0.479511
100 1.89577 285 798 120 0.47697
100 1.89498 286 799 120 0.474268
100 1.90104 286 800 120 0.471405
100 1.9007 287 801 120 0.468375
100 1.90061 288 802 120 0.465176
100 1.90076 289 803 120 0.461805
100 1.90118 290 804 120 0.458258
100 1.90187 291 805 120 0.45453
100 1.90283 292 806 120 0.450617
100 1.91059 292 807 120 0.446514
100 1.91211 293 808 120 0.442217
100 1.91394 294 809 120 0.437718
100 1.91608 295 810 120 0.433013
100 1.91855 296 811 120 0.428093
100 1.92785 296 812 120 0.422953
100 1.93102 297 813 120 0.417582
100 1.93456 298 814 120 0.411974
100 1.945 298 815 120 0.406116
100 1.94935 299 816 120 0.4
100 1.95415 300 817 120 0.393612
100 1.96596 300 818 120 0.38694
100 1.97174 301 819 120 0.379967
100 1.97805 302 820 120 0.372678
100 1.98496 303 821 120 0.365053
100 1.99249 304 822 120 0.357071
100 2.0007 305 823 120 0.348708
100 2.00966 306 824 120 0.339935
100 2.01943 307 825 120 0.330719
100 2.03672 307 826 120 0.321023
100 2.04842 308 827 120 0.310801
100 2.06124 309 828 120 0.3
100 2.07534 310 829 120 0.288555
100 2.09091 311 830 120 0.276385
100 2.10818 312 831 120 0.263391
100 2.12746 313 832 120 0.249444
100 2.14916 314 833 120 0.234373
100 2.17384 315 834 120 0.217945
100 2.20232 316 835 120 0.199826
100 2.23587 317 836 120 0.179505
100 2.27664 318 837 120 0.156125
100 2.32883 319 838 120 0.128019
100 2.40339 320 839 120 0.0909059
100 2.61682 321 840 120 0
100 2.40162 321 841 120 0.0909059
100 2.32536 321 842 120 0.128019
100 2.27153 321 843 120 0.156125
100 2.22914 321 844 120 0.179505
100 2.19398 321 845 120 0.199826
100 2.1639 321 846 120 0.217945
100 2.13763 321 847 120 0.234373
100 2.11434 321 848 120 0.249444
100 2.09346 321 849 120 0.263391
100 2.07459 321 850 120 0.276385
100 2.05741 321 851 120 0.288555
100 2.0417 321 852 120 0.3
100 2.02725 321 853 120 0.310801
100 2.01392 321 854 120 0.321023
100 2.00159 321 855 120 0.330719
100 1.99015 321 856 120 0.339935
100 1.97951 321 857 120 0.348708
100 1.96961 321 858 120 0.357071
100 1.96037 321 859 120 0.365053
100 1.95175 321 860 120 0.372678
100 1.9437 321 861 120 0.379967
100 1.93618 321 862 120 0.38694
100 1.92914 321 863 120 0.393612
100 1.92256 321 864 120 0.4
100 1.91642 321 865 120 0.406116
100 1.91067 321 866 120 0.411974
100 1.90531 321 867 120 0.417582
100 1.90031 321 868 120 0.422953
100 1.89565 321 869 120 0.428093
100 1.89132 321 870 120 0.433013
100 1.88729 321 871 120 0.437718
100 1.88357 321 872 120 0.442217
100 1.88012 321 873 120 0.446514
100 1.87695 321 874 120 0.450617
100 1.87405 321 875 120 0.45453
100 1.87139 321 876 120 0.458258
100 1.86898 321 877 120 0.461805
100 1.86681 321 878 120 0.465176
100 1.86486 321 879 120 0.468375
100 1.86314 321 880 120 0.471405
100 1.86163 321 881 120 0.474268
100 1.86034 321 882 120 0.47697
100 1.85925 321 883 120 0.479511
100 1.85836 321 884 120 0.481894
100 1.85767 321 885 120 0.484123
100 1.85717 321 886 120 0.486198
100 1.85686 321 887 120 0.488123
100 1.85674 321 888 120 0.489898
100 1.8568 321 889 120 0.491525
100 1.85705 321 890 120 0.493007
100 1.85747 321 891 120 0.494343
100 1.85807 321 892 120 0.495536
100 1.85885 321 893 120 0.496586
100 1.85981 321 894 120 0.497494
100 1.86093 321 895 120 0.498261
100 1.86223 321 896 120 0.498888
100 1.86371 321 897 120 0.499375
100 1.86535 321 898 120 0.499722
100 1.86717 321 899 120 0.499931
100 1.86916 321 900 120 0.5
100 1.87132 321 901 120 0.499931
100 1.87366 321 902 120 0.499722
100 1.87617 321 903 120 0.499375
100 1.87886 321 904 120 0.498888
100 1.88172 321 905 120 0.498261
100 1.87892 322 906 120 0.497494
100 1.88213 322 907 120 0.496586
100 1.87969 323 908 120 0.495536
100 1.87745 324 909 120 0.494343
100 1.87541 325 910 120 0.493007
100 1.87934 325 911 120 0.491525
100 1.88345 325 912 120 0.489898
100 1.88198 326 913 120 0.488123
100 1.88071 327 914 120 0.486198
100 1.87965 328 915 120 0.484123
100 1.88454 328 916 120 0.481894
100 1.88389 329 917 120 0.479511
100 1.88346 330 918 120 0.47697
100 1.88897 330 919 120 0.474268
100 1.88898 331 920 120 0.471405
100 1.88923 332 921 120 0.468375
100 1.88972 333 922 120 0.465176
100 1.89045 334 923 120 0.461805
100 1.89144 335 924 120 0.458258
100 1.89269 336 925 120 0.45453
100 1.89985 336 926 120 0.450617
100 1.90163 337 927 120 0.446514
100 1.90371 338 928 120 0.442217
100 1.90608 339 929 120 0.437718
100 1.90877 340 930 120 0.433013
100 1.91178 341 931 120 0.428093
100 1.92075 341 932 120 0.422953
100 1.92445 342 933 120 0.417582
100 1.92853 343 934 120 0.411974
100 1.93864 343 935 120 0.406116
100 1.94352 344 936 120 0.4
100 1.94885 345 937 120 0.393612
100 1.96032 345 938 120 0.38694
100 1.96662 346 939 120 0.379967
100 1.97347 347 940 120 0.372678
100 1.98089 348 941 120 0.365053
100 1.98894 349 942 120 0.357071
100 1.99768 350 943 120 0.348708
100 2.00716 351 944 120 0.339935
100 2.01745 352 945 120 0.330719
100 2.03441 352 946 120 0.321023
100 2.04663 353 947 120 0.310801
100 2.05997 354 948 120 0.3
100 2.0746 355 949 120 0.288555
100 2.0907 356 950 120 0.276385
100 2.1085 357 951 120 0.263391
100 2.12832 358 952 120 0.249444
100 2.15056 359 953 120 0.234373
100 2.1758 360 954 120 0.217945
100 2.20484 361 955 120 0.199826
100 2.23898 362 956 120 0.179505
100 2.28034 363 957 120 0.156125
100 2.33318 364 958 120 0.128019
100 2.40845 365 959 120 0.0909059
100 2.62295 366 960 120 0
100 2.40688 366 961 120 0.0909059
100 2.33012 366 962 120 0.128019
100 2.27583 366 963 120 0.156125
100 2.23304 366 964 120 0.179505
100 2.19749 366 965 120 0.199826
100 2.16705 366 966 120 0.217945
100 2.14042 366 967 120 0.234373
100 2.11679 366 968 120 0.249444
100 2.09558 366 969 120 0.263391
100 2.07639 366 970 120 0.276385
100 2.0589 366 971 120 0.288555
100 2.04288 366 972 120 0.3
100 2.02813 366 973 120 0.310801
100 2.0145 366 974 120 0.321023
100 2.00188 366 975 120 0.330719
100 1.99015 366 976 120 0.339935
100 1.97923 366 977 120 0.348708
100 1.96904 366 978 120 0.357071
100 1.95953 366 979 120 0.365053
100 1.95064 366 980 120 0.372678
100 1.94231 366 981 120 0.379967
100 1.93452 366 982 120 0.38694
100 1.92722 366 983 120 0.393612
100 1.92037 366 984 120 0.4
100 1.91396 366 985 120 0.406116
100 1.90796 366 986 120 0.411974
100 1.90234 366 987 120 0.417582
100 1.89708 366 988 120 0.422953
100 1.89216 366 989 120 0.428093
100 1.88757 366 990 120 0.433013
100 1.8833 366 991 120 0.437718
100 1.87932 366 992 120 0.442217
100 1.87562 366 993 120 0.446514
100 1.8722 366 994 120 0.450617
100 1.86904 366 995 120 0.45453
100 1.86614 366 996 120 0.458258
100 1.86348 366 997 120 0.461805
100 1.86106 366 998 120 0.465176
100 1.85886 366 999 120 0.468375
100 1.85689 366 1000 120 0.471405
100 1.85514 366 1001 120 0.474268
100 1.8536 366 1002 120 0.47697
100 1.85226 366 1003 120 0.479511
100 1.85112 366 1004 120 0.481894
100 1.85018 366 1005 120 0.484123
100 1.84944 366 1006 120 0.486198
100 1.84888 366 1007 120 0.488123
100 1.84851 366 1008 120 0.489898
100 1.84833 366 1009 120 0.491525
100 1.84833 366 1010 120 0.493007
100 1.8485 366 1011 120 0.494343
100 1.84885 366 1012 120 0.495536
100 1.84938 366 1013 120 0.496586
100 1.85009 366 1014 120 0.497494
100 1.85096 366 1015 120 0.498261
100 1.85201 366 1016 120 0.498888
100 1.85323 366 1017 120 0.499375
100 1.85462 366 1018 120 0.499722
100 1.85619 366 1019 120 0.499931
100 1.85792 366 1020 120 0.5
100 1.85983 366 1021 120 0.499931
100 1.86191 366 1022 120 0.499722
100 1.86417 366 1023 120 0.499375
100 1.86659 366 1024 120 0.498888
100 1.8692 366 1025 120 0.498261
100 1.87198 366 1026 120 0.497494
100 1.86983 367 1027 120 0.496586
100 1.87297 367 1028 120 0.495536
100 1.87119 368 1029 120 0.494343
100 1.8696 369 1030 120 0.493007
100 1.86821 370 1031 120 0.491525
100 1.87207 370 1032 120 0.489898
100 1.87106 371 1033 120 0.488123
100 1.87025 372 1034 120 0.486198
100 1.87468 372 1035 120 0.484123
100 1.87428 373 1036 120 0.481894
100 1.87911 373 1037 120 0.479511
100 1.87912 374 1038 120 0.47697
100 1.87935 375 1039 120 0.474268
100 1.87981 376 1040 120 0.471405
100 1.8805 377 1041 120 0.468375
100 1.88142 378 1042 120 0.465176
100 1.88259 379 1043 120 0.461805
100 1.88401 380 1044 120 0.458258
100 1.88568 381 1045 120 0.45453
100 1.89258 381 1046 120 0.450617
100 1.89479 382 1047 120 0.446514
100 1.89728 383 1048 120 0.442217
100 1.90007 384 1049 120 0.437718
100 1.90317 385 1050 120 0.433013
100 1.9066 386 1051 120 0.428093
100 1.91531 386 1052 120 0.422953
100 1.91942 387 1053 120 0.417582
100 1.9239 388 1054 120 0.411974
100 1.93375 388 1055 120 0.406116
100 1.93904 389 1056 120 0.4
100 1.94477 390 1057 120 0.393612
100 1.95598 390 1058 120 0.38694
100 1.96268 391 1059 120 0.379967
100 1.96993 392 1060 120 0.372678
100 1.97776 393 1061 120 0.365053
100 1.98621 394 1062 120 0.357071
100 1.99535 395 1063 120 0.348708
100 2.00522 396 1064 120 0.339935
100 2.01592 397 1065 120 0.330719
100 2.03262 397 1066 120 0.321023
100 2.04524 398 1067 120 0.310801
100 2.05899 399 1068 120 0.3
100 2.07403 400 1069 120 0.288555
100 2.09054 401 1070 120 0.276385
100 2.10875 402 1071 120 0.263391
100 2.12899 403 1072 120 0.249444
100 2.15165 404 1073 120 0.234373
100 2.17732 405 1074 120 0.217945
100 2.20681 406 1075 120 0.199826
100 2.24139 407 1076 120 0.179505
100 2.28324 408 1077 120 0.156125
100 2.33657 409 1078 120 0.128019
100 2.41241 410 1079 120 0.0909059
100 2.62774 411 1080 120 0
100 2.411 411 1081 120 0.0909059
100 2.33383 411 1082 120 0.128019
100 2.2792 411 1083 120 0.156125
100 2.23608 411 1084 120 0.179505
100 2.20024 411 1085 120 0.199826
100 2.1695 411 1086 120 0.217945
100 2.1426 411 1087 120 0.234373
100 2.1187 411 1088 120 0.249444
100 2.09724 411 1089 120 0.263391
100 2.0778 411 1090 120 0.276385
100 2.06006 411 1091 120 0.288555
100 2.0438 411 1092 120 0.3
100 2.02881 411 1093 120 0.310801
100 2.01495 411 1094 120 0.321023
100 2.0021 411 1095 120 0.330719
100 1.99015 411 1096 120 0.339935
100 1.97901 411 1097 120 0.348708
100 1.9686 411 1098 120 0.357071
100 1.95887 411 1099 120 0.365053
100 1.94976 411 1100 120 0.372678
100 1.94123 411 1101 120 0.379967
100 1.93322 411 1102 120 0.38694
100 1.92571 411 1103 120 0.393612
100 1.91867 411 1104 120 0.4
100 1.91205 411 1105 120 0.406116
100 1.90584 411 1106 120 0.411974
100 1.90002 411 1107 120 0.417582
100 1.89456 411 1108 120 0.422953
100 1.88944 411 1109 120 0.428093
100 1.88465 411 1110 120 0.433013
100 1.88018 411 1111 120 0.437718
100 1.876 411 1112 120 0.442217
100 1.87211 411 1113 120 0.446514
100 1.86849 411 1114 120 0.450617
100 1.86514 411 1115 120 0.45453
100 1.86204 411 1116 120 0.458258
100 1.85918 411 1117 120 0.461805
100 1.85656 411 1118 120 0.465176
100 1.85418 411 1119 120 0.468375
100 1.85201 411 1120 120 0.471405
100 1.85007 411 1121 120 0.474268
100 1.84833 411 1122 120 0.47697
100 1.8468 411 1123 120 0.479511
100 1.84547 411 1124 120 0.481894
100 1.84434 411 1125 120 0.484123
100 1.8434 411 1126 120 0.486198
100 1.84265 411 1127 120 0.488123
100 1.84209 411 1128 120 0.489898
100 1.84171 411 1129 120 0.491525
100 1.84151 411 1130 120 0.493007
100 1.84149 411 1131 120 0.494343
100 1.84165 411 1132 120 0.495536
100 1.84199 411 1133 120 0.496586
100 1.84249 411 1134 120 0.497494
100 1.84318 411 1135 120 0.498261
100 1.84403 411 1136 120 0.498888
100 1.84505 411 1137 120 0.499375
100 1.84625 411 1138 120 0.499722
100 1.84761 411 1139 120 0.499931
100 1.84915 411 1140 120 0.5
100 1.85086 411 1141 120 0.499931
100 1.85274 411 1142 120 0.499722
100 1.85479 411 1143 120 0.499375
100 1.85701 411 1144 120 0.498888
100 1.85941 411 1145 120 0.498261
100 1.86199 411 1146 120 0.497494
100 1.86475 411 1147 120 0.496586
100 1.86768 411 1148 120 0.495536
100 1.86626 412 1149 120 0.494343
100 1.86956 412 1150 120 0.493007
100 1.86851 413 1151 120 0.491525
100 1.86765 414 1152 120 0.489898
100 1.86699 415 1153 120 0.488123
100 1.87103 415 1154 120 0.486198
100 1.87076 416 1155 120 0.484123
100 1.8752 416 1156 120 0.481894
100 1.87534 417 1157 120 0.479511
100 1.87569 418 1158 120 0.47697
100 1.88075 418 1159 120 0.474268
100 1.88153 419 1160 120 0.471405
100 1.88255 420 1161 120 0.468375
100 1.8838 421 1162 120 0.465176
100 1.88529 422 1163 120 0.461805
100 1.88703 423 1164 120 0.458258
100 1.88902 424 1165 120 0.45453
100 1.89128 425 1166 120 0.450617
100 1.89382 426 1167 120 0.446514
100 1.90109 426 1168 120 0.442217
100 1.9042 427 1169 120 0.437718
100 1.90762 428 1170 120 0.433013
100 1.91136 429 1171 120 0.428093
100 1.91544 430 1172 120 0.422953
100 1.91987 431 1173 120 0.417582
100 1.92468 432 1174 120 0.411974
100 1.93434 432 1175 120 0.406116
100 1.93995 433 1176 120 0.4
100 1.94601 434 1177 120 0.393612
100 1.95253 435 1178 120 0.38694
100 1.96406 435 1179 120 0.379967
100 1.97164 436 1180 120 0.372678
100 1.97979 437 1181 120 0.365053
100 1.98857 438 1182 120 0.357071
100 1.99803 439 1183 120 0.348708
100 2.00824 440 1184 120 0.339935
100 2.01927 441 1185 120 0.330719
100 2.0312 442 1186 120 0.321023
100 2.04414 443 1187 120 0.310801
100 2.05821 444 1188 120 0.3
100 2.07357 445 1189 120 0.288555
100 2.0904 446 1190 120 0.276385
100 2.10895 447 1191 120 0.263391
100 2.12952 448 1192 120 0.249444
100 2.15252 449 1193 120 0.234373
100 2.17853 450 1194 120 0.217945
100 2.20838 451 1195 120 0.199826
100 2.24333 452 1196 120 0.179505
100 2.28555 453 1197 120 0.156125
100 2.33929 454 1198 120 0.128019
100 2.41557 455 1199 120 0.0909059
100 2.63158 456 1200 120 0
