 0.00763891 1 1 120 0.00833333 0.0909059
 0.0147752 1 2 120 0.0166667 0.128019
 0.021624 1 3 120 0.025 0.156125
 0.0282604 1 4 120 0.0333333 0.179505
 0.0173636 2 5 120 0.0416667 0.199826
 0.0205264 2 6 120 0.05 0.217945
 0.0236287 2 7 120 0.0583333 0.234373
 0.0266785 2 8 120 0.0666667 0.249444
 0.019788 3 9 120 0.075 0.263391
 0.0217628 3 10 120 0.0833333 0.276385
 0.023713 3 11 120 0.0916667 0.288555
 0.025641 3 12 120 0.1 0.3
 0.0275489 3 13 120 0.108333 0.310801
 0.0220789 4 14 120 0.116667 0.321023
 0.0234835 4 15 120 0.125 0.330719
 0.0248768 4 16 120 0.133333 0.339935
 0.0262597 4 17 120 0.141667 0.348708
 0.027633 4 18 120 0.15 0.357071
 0.0289976 4 19 120 0.158333 0.365053
 0.0303543 4 20 120 0.166667 0.372678
 0.031221 4 21 120 0.175 0.4013
 0.0260434 5 22 120 0.183333 0.407908
 0.0271052 5 23 120 0.191667 0.414243
 0.0281627 5 24 120 0.2 0.420317
 0.0292163 5 25 120 0.208333 0.426142
 0.0298723 5 26 120 0.216667 0.450617
 0.0257599 6 27 120 0.225 0.45575
 0.0266239 6 28 120 0.233333 0.460676
 0.0274859 6 29 120 0.241667 0.4654
 0.028346 6 30 120 0.25 0.469929
 0.0292047 6 31 120 0.258333 0.474268
 0.0257675 7 32 120 0.266667 0.478423
 0.0265015 7 33 120 0.275 0.482399
 0.0272347 7 34 120 0.283333 0.486198
 0.0279675 7 35 120 0.291667 0.489827
 0.0251124 8 36 120 0.3 0.493288
 0.0257531 8 37 120 0.308333 0.496586
 0.0263938 8 38 120 0.316667 0.499722
 0.0240308 9 39 120 0.325 0.502701
 0.0246007 9 40 120 0.333333 0.505525
 0.0251711 9 41 120 0.341667 0.508197
 0.025742 9 42 120 0.35 0.510718
 0.0263135 9 43 120 0.358333 0.513092
 0.0263403 9 44 120 0.366667 0.546707
 0.0242143 10 45 120 0.375 0.548673
 0.0247231 10 46 120 0.383333 0.550505
 0.0252329 10 47 120 0.391667 0.552205
 0.0257438 10 48 120 0.4 0.553775
 0.0262557 10 49 120 0.408333 0.555215
 0.0265172 10 50 120 0.416667 0.571305
 0.0265481 10 51 120 0.425 0.600867
 0.0245928 11 52 120 0.433333 0.601849
 0.0250522 11 53 120 0.441667 0.602714
 0.025513 11 54 120 0.45 0.603462
 0.0259752 11 55 120 0.458333 0.604095
 0.0264389 11 56 120 0.466667 0.604612
 0.0246623 12 57 120 0.475 0.605014
 0.0250905 12 58 120 0.483333 0.605301
 0.0255203 12 59 120 0.491667 0.605473
 0.025952 12 60 120 0.5 0.60553
 0.0261636 12 61 120 0.508333 0.619083
 0.0245495 13 62 120 0.516667 0.618915
 0.0249498 13 63 120 0.525 0.618634
 0.025352 13 64 120 0.533333 0.618241
 0.0257562 13 65 120 0.541667 0.617736
 0.0261624 13 66 120 0.55 0.617117
 0.0261427 13 67 120 0.558333 0.642856
 0.0259483 13 68 120 0.566667 0.679869
 0.0244618 14 69 120 0.575 0.679
 0.0248307 14 70 120 0.583333 0.678028
 0.0252016 14 71 120 0.591667 0.676952
 0.0255746 14 72 120 0.6 0.675771
 0.0257613 14 73 120 0.608333 0.686729
 0.024393 15 74 120 0.616667 0.685363
 0.0247443 15 75 120 0.625 0.683892
 0.0250977 15 76 120 0.633333 0.682316
 0.0238625 16 77 120 0.641667 0.680635
 0.0241982 16 78 120 0.65 0.678847
 0.0230928 17 79 120 0.658333 0.676952
 0.0234131 17 80 120 0.666667 0.674949
 0.0237357 17 81 120 0.675 0.672836
 0.0238846 17 82 120 0.683333 0.682927
 0.0228639 18 83 120 0.691667 0.680635
 0.0231725 18 84 120 0.7 0.678233
 0.0233135 18 85 120 0.708333 0.687942
 0.0234561 18 86 120 0.716667 0.697416
 0.0225151 19 87 120 0.725 0.694772
 0.0228109 19 88 120 0.733333 0.692018
 0.0231093 19 89 120 0.741667 0.689152
 0.0234102 19 90 120 0.75 0.686173
 0.0235447 19 91 120 0.758333 0.695172
 0.0236807 19 92 120 0.766667 0.703957
 0.0227842 20 93 120 0.775 0.700744
 0.0230743 20 94 120 0.783333 0.697416
 0.0232041 20 95 120 0.791667 0.705878
 0.0223777 21 96 120 0.8 0.702377
 0.0226589 21 97 120 0.808333 0.698759
 0.0227832 21 98 120 0.816667 0.70691
 0.0220184 22 99 120 0.825 0.703118
 0.0222921 22 100 120 0.833333 0.699206
 0.0224114 22 101 120 0.841667 0.707058
 0.0223811 22 102 120 0.85 0.726292
 0.0216691 23 103 120 0.858333 0.722217
 0.0219329 23 104 120 0.866667 0.718022
 0.0220505 23 105 120 0.875 0.725287
 0.0218861 23 106 120 0.883333 0.754799
 0.021224 24 107 120 0.891667 0.750509
 0.0214764 24 108 120 0.9 0.746101
 0.0215933 24 109 120 0.908333 0.752727
 0.0217112 24 110 120 0.916667 0.759203
 0.02183 24 111 120 0.925 0.765534
 0.0212019 25 112 120 0.933333 0.760847
 0.0214498 25 113 120 0.941667 0.75604
 0.0215649 25 114 120 0.95 0.762124
 0.0209767 26 115 120 0.958333 0.757142
 0.0210883 26 116 120 0.966667 0.763035
 0.0212009 26 117 120 0.975 0.768792
 0.0213143 26 118 120 0.983333 0.774417
 0.0214286 26 119 120 0.991667 0.779913
 0.0212939 26 120 120 1 0.806226
 0.0210591 26 121 120 1.00833 0.841584
 0.0205034 27 122 120 1.01667 0.836494
 0.0207302 27 123 120 1.025 0.831289
 0.0208451 27 124 120 1.03333 0.835996
 0.0209608 27 125 120 1.04167 0.840593
 0.0204341 28 126 120 1.05 0.835165
 0.0205466 28 127 120 1.05833 0.839601
 0.0206598 28 128 120 1.06667 0.843933
 0.0207736 28 129 120 1.075 0.84816
 0.0204653 28 130 120 1.08333 0.890537
 0.0199699 29 131 120 1.09167 0.885022
 0.0201826 29 132 120 1.1 0.879394
 0.0202951 29 133 120 1.10833 0.883137
 0.0204081 29 134 120 1.11667 0.886786
 0.0199369 30 135 120 1.125 0.880932
 0.0200473 30 136 120 1.13333 0.884433
 0.0201582 30 137 120 1.14167 0.887842
 0.0197139 31 138 120 1.15 0.88176
 0.0198224 31 139 120 1.15833 0.885022
 0.0199314 31 140 120 1.16667 0.888194
 0.0200411 31 141 120 1.175 0.891277
 0.0196186 32 142 120 1.18333 0.884904
 0.019726 32 143 120 1.19167 0.887842
 0.019834 32 144 120 1.2 0.890693
 0.0199426 32 145 120 1.20833 0.893456
 0.0200518 32 146 120 1.21667 0.896134
 0.019647 33 147 120 1.225 0.889405
 0.0197542 33 148 120 1.23333 0.891939
 0.0196704 33 149 120 1.24167 0.912833
 0.0192889 34 150 120 1.25 0.905999
 0.0193946 34 151 120 1.25833 0.908257
 0.0195008 34 152 120 1.26667 0.910433
 0.0195148 34 153 120 1.275 0.921615
 0.0191517 35 154 120 1.28333 0.914543
 0.0192566 35 155 120 1.29167 0.916477
 0.0192713 35 156 120 1.3 0.927362
 0.0189274 36 157 120 1.30833 0.920107
 0.0190311 36 158 120 1.31667 0.921804
 0.0191355 36 159 120 1.325 0.923422
 0.0188088 37 160 120 1.33333 0.915909
 0.0189118 37 161 120 1.34167 0.917386
 0.0190154 37 162 120 1.35 0.918785
 0.0190303 37 163 120 1.35833 0.92912
 0.0187185 38 164 120 1.36667 0.921352
 0.0188212 38 165 120 1.375 0.922519
 0.0188367 38 166 120 1.38333 0.932589
 0.0185406 39 167 120 1.39167 0.924625
 0.0187306 39 168 120 1.4 0.916515
 0.0184505 40 169 120 1.40833 0.908257
 0.0184637 40 170 120 1.41667 0.918181
 0.018199 41 171 120 1.425 0.909785
 0.0182992 41 172 120 1.43333 0.910433
 0.0183128 41 173 120 1.44167 0.920107
 0.0180611 42 174 120 1.45 0.911501
 0.018075 42 175 120 1.45833 0.921012
 0.0178367 43 176 120 1.46667 0.912262
 0.0179356 43 177 120 1.475 0.912529
 0.0179499 43 178 120 1.48333 0.921804
 0.0177232 44 179 120 1.49167 0.912833
 0.0177376 44 180 120 1.5 0.921954
 0.017523 45 181 120 1.50833 0.912833
 0.0175375 45 182 120 1.51667 0.921804
 0.0173342 46 183 120 1.525 0.912529
 0.0174314 46 184 120 1.53333 0.912262
 0.0172391 47 185 120 1.54167 0.902735
 0.0172528 47 186 120 1.55 0.911501
 0.0170707 48 187 120 1.55833 0.901811
 0.0168995 49 188 120 1.56667 0.891939
 0.0169953 49 189 120 1.575 0.891277
 0.0168339 50 190 120 1.58333 0.881129
 0.0166824 51 191 120 1.59167 0.870783
 0.0165405 52 192 120 1.6 0.860233
 0.0163835 52 193 120 1.60833 0.887842
 0.0161667 53 194 120 1.61667 0.886786
 0.0162598 53 195 120 1.625 0.885649
 0.0163538 53 196 120 1.63333 0.884433
 0.0164485 53 197 120 1.64167 0.883137
 0.0165441 53 198 120 1.65 0.88176
 0.0165577 53 199 120 1.65833 0.889717
 0.0165724 53 200 120 1.66667 0.897527
 0.016431 53 201 120 1.675 0.923422
 0.0162206 54 202 120 1.68333 0.921804
 0.0163153 54 203 120 1.69167 0.920107
 0.0164109 54 204 120 1.7 0.918332
 0.0165073 54 205 120 1.70833 0.916477
 0.0166045 54 206 120 1.71667 0.914543
 0.0166237 54 207 120 1.725 0.921615
 0.0166439 54 208 120 1.73333 0.928559
 0.016665 54 209 120 1.74167 0.935377
 0.016687 54 210 120 1.75 0.942072
 0.0164807 55 211 120 1.75833 0.939821
 0.0165788 55 212 120 1.76667 0.937491
 0.0166016 55 213 120 1.775 0.94395
 0.0166253 55 214 120 1.78333 0.950292
 0.016426 56 215 120 1.79167 0.947768
 0.0165245 56 216 120 1.8 0.945163
 0.016549 56 217 120 1.80833 0.951278
 0.0163566 57 218 120 1.81667 0.948537
 0.0164554 57 219 120 1.825 0.945714
 0.0165553 57 220 120 1.83333 0.942809
 0.0165807 57 221 120 1.84167 0.948647
 0.0166069 57 222 120 1.85 0.954376
 0.0164201 58 223 120 1.85833 0.951278
 0.0165207 58 224 120 1.86667 0.948098
 0.0165476 58 225 120 1.875 0.953612
 0.0163672 59 226 120 1.88333 0.950292
 0.0164684 59 227 120 1.89167 0.946888
 0.016496 59 228 120 1.9 0.95219
 0.0165244 59 229 120 1.90833 0.957391
 0.0165534 59 230 120 1.91667 0.962491
 0.0163787 60 231 120 1.925 0.95884
 0.0164811 60 232 120 1.93333 0.955103
 0.0165108 60 233 120 1.94167 0.959999
 0.0163421 61 234 120 1.95 0.956121
 0.0164453 61 235 120 1.95833 0.952154
 0.0165497 61 236 120 1.96667 0.948098
 0.0163867 62 237 120 1.975 0.94395
 0.0164918 62 238 120 1.98333 0.93971
 0.0165224 62 239 120 1.99167 0.944244
 0.0165538 62 240 120 2 0.948683
 0.0165858 62 241 120 2.00833 0.953029
 0.0166184 62 242 120 2.01667 0.957282
 0.0166517 62 243 120 2.025 0.961444
 0.0166129 62 244 120 2.03333 0.974109
 0.0164546 63 245 120 2.04167 0.9695
 0.0165613 63 246 120 2.05 0.964797
 0.0165243 63 247 120 2.05833 0.977205
 0.0163718 64 248 120 2.06667 0.972397
 0.0164788 64 249 120 2.075 0.967492
 0.0165146 64 250 120 2.08333 0.97111
 0.0164799 64 251 120 2.09167 0.983157
 0.0163327 65 252 120 2.1 0.978093
 0.0164405 65 253 120 2.10833 0.972932
 0.0164778 65 254 120 2.11667 0.976246
 0.0164453 65 255 120 2.125 0.987948
 0.0164148 65 256 120 2.13333 0.999444
 0.0162726 66 257 120 2.14167 0.994115
 0.0163805 66 258 120 2.15 0.988686
 0.01642 66 259 120 2.15833 0.991597
 0.016283 67 260 120 2.16667 0.986013
 0.0163228 67 261 120 2.175 0.988791
 0.0163631 67 262 120 2.18333 0.991492
 0.0162313 68 263 120 2.19167 0.985696
 0.016272 68 264 120 2.2 0.988264
 0.0163131 68 265 120 2.20833 0.990756
 0.0163549 68 266 120 2.21667 0.993171
 0.0163289 68 267 120 2.225 1.00385
 0.0163047 68 268 120 2.23333 1.01434
 0.0161771 69 269 120 2.24167 1.00826
 0.0162203 69 270 120 2.25 1.01036
 0.016264 69 271 120 2.25833 1.01239
 0.0162422 69 272 120 2.26667 1.02252
 0.016222 69 273 120 2.275 1.03249
 0.0160988 70 274 120 2.28333 1.02618
 0.0161438 70 275 120 2.29167 1.02791
 0.0161252 70 276 120 2.3 1.03763
 0.0160066 71 277 120 2.30833 1.03115
 0.0160524 71 278 120 2.31667 1.03266
 0.0160987 71 279 120 2.325 1.03411
 0.0160822 71 280 120 2.33333 1.0435
 0.0160669 71 281 120 2.34167 1.05274
 0.016053 71 282 120 2.35 1.06184
 0.0159381 72 283 120 2.35833 1.05511
 0.015986 72 284 120 2.36667 1.0562
 0.0159734 72 285 120 2.375 1.06507
 0.0158628 73 286 120 2.38333 1.05817
 0.0159727 73 287 120 2.39167 1.05116
 0.0159605 73 288 120 2.4 1.05987
 0.0158544 74 289 120 2.40833 1.05274
 0.0159039 74 290 120 2.41667 1.05343
 0.015893 74 291 120 2.425 1.06194
 0.0158831 74 292 120 2.43333 1.07031
 0.0158743 74 293 120 2.44167 1.07855
 0.0157717 75 294 120 2.45 1.07121
 0.0157637 75 295 120 2.45833 1.07932
 0.0157567 75 296 120 2.46667 1.0873
 0.0156938 75 297 120 2.475 1.10274
 0.0155945 76 298 120 2.48333 1.09532
 0.0156461 76 299 120 2.49167 1.09541
 0.015551 77 300 120 2.5 1.08781
 0.0156031 77 301 120 2.50833 1.08778
 0.0155986 77 302 120 2.51667 1.09532
 0.0155073 78 303 120 2.525 1.08752
 0.0155601 78 304 120 2.53333 1.0873
 0.0154728 79 305 120 2.54167 1.07932
 0.0155262 79 306 120 2.55 1.07897
 0.0155226 79 307 120 2.55833 1.08625
 0.015439 80 308 120 2.56667 1.07806
 0.015436 80 309 120 2.575 1.08522
 0.0153779 80 310 120 2.58333 1.09987
 0.0152973 81 311 120 2.59167 1.0916
 0.0153519 81 312 120 2.6 1.09087
 0.0152958 81 313 120 2.60833 1.10526
 0.0152184 82 314 120 2.61667 1.09684
 0.0152186 82 315 120 2.625 1.1035
 0.0152194 82 316 120 2.63333 1.11006
 0.0151452 83 317 120 2.64167 1.10148
 0.0151465 83 318 120 2.65 1.10793
 0.0150756 84 319 120 2.65833 1.09921
 0.0151317 84 320 120 2.66667 1.09798
 0.0150645 85 321 120 2.675 1.08906
 0.0151214 85 322 120 2.68333 1.08768
 0.0150578 86 323 120 2.69167 1.07855
 0.0150045 86 324 120 2.7 1.0924
 0.0149437 87 325 120 2.70833 1.08317
 0.0150014 87 326 120 2.71667 1.08154
 0.0149443 88 327 120 2.725 1.07209
 0.0149469 88 328 120 2.73333 1.07806
 0.0148929 89 329 120 2.74167 1.06846
 0.0148959 89 330 120 2.75 1.07432
 0.014845 90 331 120 2.75833 1.06455
 0.0148484 90 332 120 2.76667 1.07031
 0.0148005 91 333 120 2.775 1.06037
 0.0148044 91 334 120 2.78333 1.06602
 0.0147596 92 335 120 2.79167 1.0559
 0.0147638 92 336 120 2.8 1.06145
 0.0147687 92 337 120 2.80833 1.06689
 0.0147267 93 338 120 2.81667 1.05659
 0.014732 93 339 120 2.825 1.06194
 0.0146929 94 340 120 2.83333 1.05145
 0.0146571 95 341 120 2.84167 1.0408
 0.0146626 95 342 120 2.85 1.04602
 0.0146298 96 343 120 2.85833 1.03518
 0.0146003 97 344 120 2.86667 1.02415
 0.0145741 98 345 120 2.875 1.01294
 0.0145208 98 346 120 2.88333 1.02618
 0.0144381 99 347 120 2.89167 1.02303
 0.0145029 99 348 120 2.9 1.0198
 0.0145684 99 349 120 2.90833 1.0165
 0.0145754 99 350 120 2.91667 1.0213
 0.014583 99 351 120 2.925 1.02602
 0.0145336 99 352 120 2.93333 1.0387
 0.0144864 99 353 120 2.94167 1.05116
 0.0144412 99 354 120 2.95 1.06341
 0.0143619 100 355 120 2.95833 1.05984
 0.0144279 100 356 120 2.96667 1.0562
 0.0144947 100 357 120 2.975 1.05248
 0.0145622 100 358 120 2.98333 1.04868
 0.014574 100 359 120 2.99167 1.05274
 0.0145863 100 360 120 3 1.05672
 0.0145439 100 361 120 3.00833 1.06846
 0.0145032 100 362 120 3.01667 1.07999
 0.0144644 100 363 120 3.025 1.09135
 0.0143884 101 364 120 3.03333 1.0873
 0.0144566 101 365 120 3.04167 1.08317
 0.0144719 101 366 120 3.05 1.08666
 0.0144878 101 367 120 3.05833 1.09008
 0.0144145 102 368 120 3.06667 1.08577
 0.0144842 102 369 120 3.075 1.08138
 0.0144478 102 370 120 3.08333 1.09227
 0.014413 102 371 120 3.09167 1.10299
 0.0143423 103 372 120 3.1 1.09848
 0.0144124 103 373 120 3.10833 1.09389
 0.0143788 103 374 120 3.11667 1.10441
 0.0143105 104 375 120 3.125 1.09972
 0.0143814 104 376 120 3.13333 1.09494
 0.0144007 104 377 120 3.14167 1.09769
 0.0143688 104 378 120 3.15 1.10793
 0.0143383 104 379 120 3.15833 1.118
 0.0142726 105 380 120 3.16667 1.11305
 0.0143443 105 381 120 3.175 1.10802
 0.0143148 105 382 120 3.18333 1.11791
 0.0142866 105 383 120 3.19167 1.12765
 0.0142595 105 384 120 3.2 1.13725
 0.0142337 105 385 120 3.20833 1.1467
 0.0141703 106 386 120 3.21667 1.14151
 0.0142421 106 387 120 3.225 1.13624
 0.0142656 106 388 120 3.23333 1.13822
 0.0142411 106 389 120 3.24167 1.14743
 0.0142176 106 390 120 3.25 1.1565
 0.0141952 106 391 120 3.25833 1.16545
 0.0141342 107 392 120 3.26667 1.15998
 0.0142068 107 393 120 3.275 1.15443
 0.0141481 108 394 120 3.28333 1.14879
 0.0142219 108 395 120 3.29167 1.14306
 0.0141999 108 396 120 3.3 1.15181
 0.014179 108 397 120 3.30833 1.16043
 0.0141225 109 398 120 3.31667 1.15458
 0.0141972 109 399 120 3.325 1.14864
 0.0141769 109 400 120 3.33333 1.1571
 0.0141227 110 401 120 3.34167 1.15106
 0.0141985 110 402 120 3.35 1.14492
 0.0141789 110 403 120 3.35833 1.15323
 0.014127 111 404 120 3.36667 1.14698
 0.0141558 111 405 120 3.375 1.14791
 0.0141374 111 406 120 3.38333 1.15602
 0.0140876 112 407 120 3.39167 1.14961
 0.0141172 112 408 120 3.4 1.15036
 0.0141 112 409 120 3.40833 1.15827
 0.0140522 113 410 120 3.41667 1.15169
 0.0140827 113 411 120 3.425 1.15226
 0.0141136 113 412 120 3.43333 1.15277
 0.0140978 113 413 120 3.44167 1.16043
 0.0140827 113 414 120 3.45 1.16798
 0.0140685 113 415 120 3.45833 1.17541
 0.0140228 114 416 120 3.46667 1.16857
 0.0140551 114 417 120 3.475 1.16878
 0.0140419 114 418 120 3.48333 1.17603
 0.0140293 114 419 120 3.49167 1.18319
 0.0139856 115 420 120 3.5 1.17615
 0.0140191 115 421 120 3.50833 1.17612
 0.0140075 115 422 120 3.51667 1.1831
 0.0139966 115 423 120 3.525 1.18998
 0.0139548 116 424 120 3.53333 1.18275
 0.0139894 116 425 120 3.54167 1.18248
 0.0140244 116 426 120 3.55 1.18216
 0.0139849 117 427 120 3.55833 1.1747
 0.0140205 117 428 120 3.56667 1.17426
 0.0140566 117 429 120 3.575 1.17376
 0.0140195 118 430 120 3.58333 1.16607
 0.0140562 118 431 120 3.59167 1.16545
 0.0140213 119 432 120 3.6 1.15758
 0.0140586 119 433 120 3.60833 1.15683
 0.014026 120 434 120 3.61667 1.14879
 0.014064 120 435 120 3.625 1.14791
 0.0140336 121 436 120 3.63333 1.13969
 0.0140246 121 437 120 3.64167 1.14598
 0.013996 122 438 120 3.65 1.13761
 0.0140354 122 439 120 3.65833 1.13648
 0.0140091 123 440 120 3.66667 1.12793
 0.0140007 123 441 120 3.675 1.13404
 0.0139763 124 442 120 3.68333 1.12534
 0.014017 124 443 120 3.69167 1.12395
 0.013995 125 444 120 3.7 1.11505
 0.0140366 125 445 120 3.70833 1.11352
 0.0140169 126 446 120 3.71667 1.10441
 0.0139993 127 447 120 3.725 1.09516
 0.0139915 127 448 120 3.73333 1.10101
 0.0139844 127 449 120 3.74167 1.10677
 0.0139686 128 450 120 3.75 1.09735
 0.013962 128 451 120 3.75833 1.10299
 0.013948 129 452 120 3.76667 1.09341
 0.0139361 130 453 120 3.775 1.08369
 0.0139299 130 454 120 3.78333 1.08921
 0.0139199 131 455 120 3.79167 1.07932
 0.0139659 131 456 120 3.8 1.07703
 0.0139586 132 457 120 3.80833 1.06689
 0.0139535 133 458 120 3.81667 1.05659
 0.0139507 134 459 120 3.825 1.04612
 0.01395 135 460 120 3.83333 1.03548
 0.0139517 136 461 120 3.84167 1.02466
 0.0139558 137 462 120 3.85 1.01366
 0.0139623 138 463 120 3.85833 1.00246
 0.0139712 139 464 120 3.86667 0.991071
 0.0139828 140 465 120 3.875 0.979477
 0.0139969 141 466 120 3.88333 0.967672
 0.0140138 142 467 120 3.89167 0.955648
 0.0140335 143 468 120 3.9 0.943398
 0.0140562 144 469 120 3.90833 0.930912
 0.014048 144 470 120 3.91667 0.936156
 0.0140406 144 471 120 3.925 0.941298
 0.0140008 145 472 120 3.93333 0.937491
 0.0140587 145 473 120 3.94167 0.933594
 0.0141176 145 474 120 3.95 0.929606
 0.0140802 146 475 120 3.95833 0.925525
 0.0141405 146 476 120 3.96667 0.921352
 0.0142018 146 477 120 3.975 0.917083
 0.014264 146 478 120 3.98333 0.912719
 0.0142591 146 479 120 3.99167 0.917386
 0.0142252 147 480 120 4 0.912871
 0.0142893 147 481 120 4.00833 0.908257
 0.0142574 148 482 120 4.01667 0.903542
 0.0143233 148 483 120 4.025 0.898726
 0.0142936 149 484 120 4.03333 0.893806
 0.0143613 149 485 120 4.04167 0.88878
 0.0143339 150 486 120 4.05 0.883648
 0.0143315 150 487 120 4.05833 0.887842
 0.0143298 150 488 120 4.06667 0.891939
 0.0143045 151 489 120 4.075 0.88659
 0.0143754 151 490 120 4.08333 0.881129
 0.0143525 152 491 120 4.09167 0.875555
 0.0144255 152 492 120 4.1 0.869866
 0.014405 153 493 120 4.10833 0.864059
 0.0144803 153 494 120 4.11667 0.858131
 0.0144625 154 495 120 4.125 0.852081
 0.0145402 154 496 120 4.13333 0.845905
 0.0145251 155 497 120 4.14167 0.839601
 0.0145266 155 498 120 4.15 0.843109
 0.0145136 156 499 120 4.15833 0.836619
 0.0145162 156 500 120 4.16667 0.839974
 0.0145053 157 501 120 4.175 0.833292
 0.0145089 157 502 120 4.18333 0.836494
 0.0145001 158 503 120 4.19167 0.829617
 0.0145047 158 504 120 4.2 0.832666
 0.0145101 158 505 120 4.20833 0.835622
 0.0145038 159 506 120 4.21667 0.828486
 0.0145102 159 507 120 4.225 0.831289
 0.0145061 160 508 120 4.23333 0.823947
 0.0145135 160 509 120 4.24167 0.826598
 0.0145118 161 510 120 4.25 0.819044
 0.0145203 161 511 120 4.25833 0.821542
 0.0145208 162 512 120 4.26667 0.81377
 0.0145304 162 513 120 4.275 0.816114
 0.0145334 163 514 120 4.28333 0.808119
 0.0145441 163 515 120 4.29167 0.810307
 0.0145496 164 516 120 4.3 0.802081
 0.0145614 164 517 120 4.30833 0.804113
 0.0145738 164 518 120 4.31667 0.806053
 0.0145824 165 519 120 4.325 0.797522
 0.014596 165 520 120 4.33333 0.799305
 0.0146072 166 521 120 4.34167 0.790525
 0.0146209 167 522 120 4.35 0.781558
 0.0146369 168 523 120 4.35833 0.772397
 0.0146556 169 524 120 4.36667 0.763035
 0.0146768 170 525 120 4.375 0.753464
 0.0147008 171 526 120 4.38333 0.743677
 0.0147277 172 527 120 4.39167 0.733665
 0.0147576 173 528 120 4.4 0.723418
 0.0147906 174 529 120 4.40833 0.712926
 0.0148269 175 530 120 4.41667 0.702179
 0.0148667 176 531 120 4.425 0.691164
 0.0149101 177 532 120 4.43333 0.679869
 0.0149574 178 533 120 4.44167 0.668279
 0.0150088 179 534 120 4.45 0.656379
 0.0150646 180 535 120 4.45833 0.644151
 0.0151251 181 536 120 4.46667 0.631577
 0.0151905 182 537 120 4.475 0.618634
 0.0152614 183 538 120 4.48333 0.605301
 0.015338 184 539 120 4.49167 0.591549
 0.015421 185 540 120 4.5 0.57735
 0.0155109 186 541 120 4.50833 0.56267
 0.0156083 187 542 120 4.51667 0.547469
 0.015714 188 543 120 4.525 0.531703
 0.0158289 189 544 120 4.53333 0.515321
 0.0158644 189 545 120 4.54167 0.514714
 0.0159013 189 546 120 4.55 0.513971
 0.0158558 190 547 120 4.55833 0.513092
 0.0158954 190 548 120 4.56667 0.512076
 0.0159366 190 549 120 4.575 0.510922
 0.0158956 191 550 120 4.58333 0.509629
 0.0159397 191 551 120 4.59167 0.508197
 0.0159853 191 552 120 4.6 0.506623
 0.0160325 191 553 120 4.60833 0.504906
 0.0159976 192 554 120 4.61667 0.503046
 0.0160479 192 555 120 4.625 0.501041
 0.0160165 193 556 120 4.63333 0.498888
 0.01607 193 557 120 4.64167 0.496586
 0.0160421 194 558 120 4.65 0.494132
 0.0160164 195 559 120 4.65833 0.491525
 0.0159928 196 560 120 4.66667 0.488763
 0.0159714 197 561 120 4.675 0.485841
 0.0160331 197 562 120 4.68333 0.482758
 0.0160156 198 563 120 4.69167 0.479511
 0.0160812 198 564 120 4.7 0.476095
 0.0160678 199 565 120 4.70833 0.472508
 0.0161375 199 566 120 4.71667 0.468745
 0.0161285 200 567 120 4.725 0.464803
 0.0161219 201 568 120 4.73333 0.460676
 0.016118 202 569 120 4.74167 0.456359
 0.0161167 203 570 120 4.75 0.451848
 0.0161182 204 571 120 4.75833 0.447136
 0.0161224 205 572 120 4.76667 0.442217
 0.0161296 206 573 120 4.775 0.437083
 0.0161399 207 574 120 4.78333 0.431728
 0.0161533 208 575 120 4.79167 0.426142
 0.01617 209 576 120 4.8 0.420317
 0.0161902 210 577 120 4.80833 0.414243
 0.016214 211 578 120 4.81667 0.407908
 0.0162417 212 579 120 4.825 0.4013
 0.0162734 213 580 120 4.83333 0.394405
 0.0163095 214 581 120 4.84167 0.387209
 0.0163501 215 582 120 4.85 0.379693
 0.0163957 216 583 120 4.85833 0.371839
 0.0164466 217 584 120 4.86667 0.363624
 0.0165033 218 585 120 4.875 0.355023
 0.0165663 219 586 120 4.88333 0.346009
 0.016636 220 587 120 4.89167 0.336547
 0.0167134 221 588 120 4.9 0.326599
 0.0167991 222 589 120 4.90833 0.316118
 0.0168942 223 590 120 4.91667 0.30505
 0.017 224 591 120 4.925 0.293329
 0.017118 225 592 120 4.93333 0.280872
 0.0172501 226 593 120 4.94167 0.267577
 0.0173988 227 594 120 4.95 0.253311
 0.0175677 228 595 120 4.95833 0.237902
 0.0177613 229 596 120 4.96667 0.221108
 0.0179866 230 597 120 4.975 0.202587
 0.0182541 231 598 120 4.98333 0.181812
 0.0185818 232 599 120 4.99167 0.157894
 0.0190056 233 600 120 5 0.129099
 0.0196196 234 601 120 5.00833 0.0909059
 0.0190057 234 602 120 5.01667 0.128019
 0.0185744 234 603 120 5.025 0.156125
 0.0182364 234 604 120 5.03333 0.179505
 0.0179573 234 605 120 5.04167 0.199826
 0.0177194 234 606 120 5.05 0.217945
 0.0175124 234 607 120 5.05833 0.234373
 0.0173296 234 608 120 5.06667 0.249444
 0.0171665 234 609 120 5.075 0.263391
 0.0170197 234 610 120 5.08333 0.276385
 0.0168866 234 611 120 5.09167 0.288555
 0.0167653 234 612 120 5.1 0.3
 0.0166543 234 613 120 5.10833 0.310801
 0.0165524 234 614 120 5.11667 0.321023
 0.0164586 234 615 120 5.125 0.330719
 0.0163719 234 616 120 5.13333 0.339935
 0.0162918 234 617 120 5.14167 0.348708
 0.0162177 234 618 120 5.15 0.357071
 0.0161489 234 619 120 5.15833 0.365053
 0.0160852 234 620 120 5.16667 0.372678
 0.016026 234 621 120 5.175 0.379967
 0.0159711 234 622 120 5.18333 0.38694
 0.0159202 234 623 120 5.19167 0.393612
 0.015873 234 624 120 5.2 0.4
 0.0158293 234 625 120 5.20833 0.406116
 0.0157889 234 626 120 5.21667 0.411974
 0.0157515 234 627 120 5.225 0.417582
 0.0157171 234 628 120 5.23333 0.422953
 0.0156854 234 629 120 5.24167 0.428093
 0.0156565 234 630 120 5.25 0.433013
 0.01563 234 631 120 5.25833 0.437718
 0.0156059 234 632 120 5.26667 0.442217
 0.0155842 234 633 120 5.275 0.446514
 0.0155647 234 634 120 5.28333 0.450617
 0.0155473 234 635 120 5.29167 0.45453
 0.0155319 234 636 120 5.3 0.458258
 0.0155186 234 637 120 5.30833 0.461805
 0.0155072 234 638 120 5.31667 0.465176
 0.0154977 234 639 120 5.325 0.468375
 0.01549 234 640 120 5.33333 0.471405
 0.015484 234 641 120 5.34167 0.474268
 0.0154798 234 642 120 5.35 0.47697
 0.0154773 234 643 120 5.35833 0.479511
 0.0154765 234 644 120 5.36667 0.481894
 0.0154772 234 645 120 5.375 0.484123
 0.0154796 234 646 120 5.38333 0.486198
 0.0154835 234 647 120 5.39167 0.488123
 0.0154889 234 648 120 5.4 0.489898
 0.0154959 234 649 120 5.40833 0.491525
 0.0155044 234 650 120 5.41667 0.493007
 0.0155144 234 651 120 5.425 0.494343
 0.0155258 234 652 120 5.43333 0.495536
 0.0155387 234 653 120 5.44167 0.496586
 0.0155531 234 654 120 5.45 0.497494
 0.0155689 234 655 120 5.45833 0.498261
 0.0155861 234 656 120 5.46667 0.498888
 0.0156048 234 657 120 5.475 0.499375
 0.0156249 234 658 120 5.48333 0.499722
 0.0156465 234 659 120 5.49167 0.499931
 0.0156695 234 660 120 5.5 0.5
 0.015694 234 661 120 5.50833 0.499931
 0.0157199 234 662 120 5.51667 0.499722
 0.0157473 234 663 120 5.525 0.499375
 0.0157762 234 664 120 5.53333 0.498888
 0.0158066 234 665 120 5.54167 0.498261
 0.0158384 234 666 120 5.55 0.497494
 0.0158718 234 667 120 5.55833 0.496586
 0.0159068 234 668 120 5.56667 0.495536
 0.0158755 235 669 120 5.575 0.494343
 0.0159134 235 670 120 5.58333 0.493007
 0.015953 235 671 120 5.59167 0.491525
 0.0159265 236 672 120 5.6 0.489898
 0.0159692 236 673 120 5.60833 0.488123
 0.0160136 236 674 120 5.61667 0.486198
 0.0159921 237 675 120 5.625 0.484123
 0.0160398 237 676 120 5.63333 0.481894
 0.0160218 238 677 120 5.64167 0.479511
 0.0160059 239 678 120 5.65 0.47697
 0.0159919 240 679 120 5.65833 0.474268
 0.0159801 241 680 120 5.66667 0.471405
 0.0159703 242 681 120 5.675 0.468375
 0.0160287 242 682 120 5.68333 0.465176
 0.016023 243 683 120 5.69167 0.461805
 0.0160855 243 684 120 5.7 0.458258
 0.0160841 244 685 120 5.70833 0.45453
 0.0160851 245 686 120 5.71667 0.450617
 0.0160886 246 687 120 5.725 0.446514
 0.0160946 247 688 120 5.73333 0.442217
 0.0161032 248 689 120 5.74167 0.437718
 0.0161146 249 690 120 5.75 0.433013
 0.0161287 250 691 120 5.75833 0.428093
 0.0161458 251 692 120 5.76667 0.422953
 0.016166 252 693 120 5.775 0.417582
 0.0161894 253 694 120 5.78333 0.411974
 0.0162162 254 695 120 5.79167 0.406116
 0.0162465 255 696 120 5.8 0.4
 0.0162806 256 697 120 5.80833 0.393612
 0.0163186 257 698 120 5.81667 0.38694
 0.0163609 258 699 120 5.825 0.379967
 0.0164077 259 700 120 5.83333 0.372678
 0.0164594 260 701 120 5.84167 0.365053
 0.0165163 261 702 120 5.85 0.357071
 0.0165789 262 703 120 5.85833 0.348708
 0.0166476 263 704 120 5.86667 0.339935
 0.0167231 264 705 120 5.875 0.330719
 0.0168061 265 706 120 5.88333 0.321023
 0.0168974 266 707 120 5.89167 0.310801
 0.016998 267 708 120 5.9 0.3
 0.0171091 268 709 120 5.90833 0.288555
 0.0172323 269 710 120 5.91667 0.276385
 0.0173695 270 711 120 5.925 0.263391
 0.0175232 271 712 120 5.93333 0.249444
 0.0176967 272 713 120 5.94167 0.234373
 0.0178948 273 714 120 5.95 0.217945
 0.0181241 274 715 120 5.95833 0.199826
 0.018395 275 716 120 5.96667 0.179505
 0.0187251 276 717 120 5.975 0.156125
 0.019149 277 718 120 5.98333 0.128019
 0.0197568 278 719 120 5.99167 0.0909059
 0.0215054 279 720 120 6 0
 0.0197407 279 721 120 6.00833 0.0909059
 0.0191177 279 722 120 6.01667 0.128019
 0.0186788 279 723 120 6.025 0.156125
 0.0183338 279 724 120 6.03333 0.179505
 0.0180482 279 725 120 6.04167 0.199826
 0.0178042 279 726 120 6.05 0.217945
 0.0175915 279 727 120 6.05833 0.234373
 0.0174032 279 728 120 6.06667 0.249444
 0.0172347 279 729 120 6.075 0.263391
 0.0170827 279 730 120 6.08333 0.276385
 0.0169445 279 731 120 6.09167 0.288555
 0.0168183 279 732 120 6.1 0.3
 0.0167025 279 733 120 6.10833 0.310801
 0.0165959 279 734 120 6.11667 0.321023
 0.0164974 279 735 120 6.125 0.330719
 0.0164062 279 736 120 6.13333 0.339935
 0.0163217 279 737 120 6.14167 0.348708
 0.0162431 279 738 120 6.15 0.357071
 0.01617 279 739 120 6.15833 0.365053
 0.0161019 279 740 120 6.16667 0.372678
 0.0160385 279 741 120 6.175 0.379967
 0.0159794 279 742 120 6.18333 0.38694
 0.0159243 279 743 120 6.19167 0.393612
 0.015873 279 744 120 6.2 0.4
 0.0158252 279 745 120 6.20833 0.406116
 0.0157807 279 746 120 6.21667 0.411974
 0.0157394 279 747 120 6.225 0.417582
 0.0157009 279 748 120 6.23333 0.422953
 0.0156653 279 749 120 6.24167 0.428093
 0.0156324 279 750 120 6.25 0.433013
 0.015602 279 751 120 6.25833 0.437718
 0.0155741 279 752 120 6.26667 0.442217
 0.0155484 279 753 120 6.275 0.446514
 0.0155251 279 754 120 6.28333 0.450617
 0.0155038 279 755 120 6.29167 0.45453
 0.0154847 279 756 120 6.3 0.458258
 0.0154675 279 757 120 6.30833 0.461805
 0.0154523 279 758 120 6.31667 0.465176
 0.015439 279 759 120 6.325 0.468375
 0.0154275 279 760 120 6.33333 0.471405
 0.0154178 279 761 120 6.34167 0.474268
 0.0154098 279 762 120 6.35 0.47697
 0.0154036 279 763 120 6.35833 0.479511
 0.0153989 279 764 120 6.36667 0.481894
 0.0153959 279 765 120 6.375 0.484123
 0.0153945 279 766 120 6.38333 0.486198
 0.0153947 279 767 120 6.39167 0.488123
 0.0153964 279 768 120 6.4 0.489898
 0.0153996 279 769 120 6.40833 0.491525
 0.0154044 279 770 120 6.41667 0.493007
 0.0154106 279 771 120 6.425 0.494343
 0.0154183 279 772 120 6.43333 0.495536
 0.0154274 279 773 120 6.44167 0.496586
 0.015438 279 774 120 6.45 0.497494
 0.01545 279 775 120 6.45833 0.498261
 0.0154635 279 776 120 6.46667 0.498888
 0.0154784 279 777 120 6.475 0.499375
 0.0154947 279 778 120 6.48333 0.499722
 0.0155125 279 779 120 6.49167 0.499931
 0.0155317 279 780 120 6.5 0.5
 0.0155523 279 781 120 6.50833 0.499931
 0.0155744 279 782 120 6.51667 0.499722
 0.0155979 279 783 120 6.525 0.499375
 0.0156229 279 784 120 6.53333 0.498888
 0.0156494 279 785 120 6.54167 0.498261
 0.0156773 279 786 120 6.55 0.497494
 0.0157068 279 787 120 6.55833 0.496586
 0.0157378 279 788 120 6.56667 0.495536
 0.0157703 279 789 120 6.575 0.494343
 0.0158045 279 790 120 6.58333 0.493007
 0.0158402 279 791 120 6.59167 0.491525
 0.0158208 280 792 120 6.6 0.489898
 0.0158597 280 793 120 6.60833 0.488123
 0.0159003 280 794 120 6.61667 0.486198
 0.0159426 280 795 120 6.625 0.484123
 0.0159297 281 796 120 6.63333 0.481894
 0.0159188 282 797 120 6.64167 0.479511
 0.0159662 282 798 120 6.65 0.47697
 0.0159589 283 799 120 6.65833 0.474268
 0.0159536 284 800 120 6.66667 0.471405
 0.0159503 285 801 120 6.675 0.468375
 0.0160051 285 802 120 6.68333 0.465176
 0.0160059 286 803 120 6.69167 0.461805
 0.0160088 287 804 120 6.7 0.458258
 0.016014 288 805 120 6.70833 0.45453
 0.0160215 289 806 120 6.71667 0.450617
 0.0160314 290 807 120 6.725 0.446514
 0.0160438 291 808 120 6.73333 0.442217
 0.0160587 292 809 120 6.74167 0.437718
 0.0160763 293 810 120 6.75 0.433013
 0.0160967 294 811 120 6.75833 0.428093
 0.0161199 295 812 120 6.76667 0.422953
 0.0161462 296 813 120 6.775 0.417582
 0.0161756 297 814 120 6.78333 0.411974
 0.0162084 298 815 120 6.79167 0.406116
 0.0162446 299 816 120 6.8 0.4
 0.0162846 300 817 120 6.80833 0.393612
 0.0163286 301 818 120 6.81667 0.38694
 0.0163767 302 819 120 6.825 0.379967
 0.0164294 303 820 120 6.83333 0.372678
 0.0164869 304 821 120 6.84167 0.365053
 0.0165496 305 822 120 6.85 0.357071
 0.016618 306 823 120 6.85833 0.348708
 0.0166926 307 824 120 6.86667 0.339935
 0.016774 308 825 120 6.875 0.330719
 0.0168628 309 826 120 6.88333 0.321023
 0.01696 310 827 120 6.89167 0.310801
 0.0170665 311 828 120 6.9 0.3
 0.0171837 312 829 120 6.90833 0.288555
 0.0173129 313 830 120 6.91667 0.276385
 0.0174563 314 831 120 6.925 0.263391
 0.0176163 315 832 120 6.93333 0.249444
 0.0177963 316 833 120 6.94167 0.234373
 0.0180011 317 834 120 6.95 0.217945
 0.0182373 318 835 120 6.95833 0.199826
 0.0185155 319 836 120 6.96667 0.179505
 0.0188534 320 837 120 6.975 0.156125
 0.019286 321 838 120 6.98333 0.128019
 0.0199039 322 839 120 6.99167 0.0909059
 0.0216718 323 840 120 7 0
 0.0198895 323 841 120 7.00833 0.0909059
 0.019258 323 842 120 7.01667 0.128019
 0.0188122 323 843 120 7.025 0.156125
 0.0184611 323 844 120 7.03333 0.179505
 0.01817 323 845 120 7.04167 0.199826
 0.0179209 323 846 120 7.05 0.217945
 0.0177033 323 847 120 7.05833 0.234373
 0.0175104 323 848 120 7.06667 0.249444
 0.0173375 323 849 120 7.075 0.263391
 0.0171812 323 850 120 7.08333 0.276385
 0.017039 323 851 120 7.09167 0.288555
 0.0169088 323 852 120 7.1 0.3
 0.0167891 323 853 120 7.10833 0.310801
 0.0166788 323 854 120 7.11667 0.321023
 0.0165766 323 855 120 7.125 0.330719
 0.0164819 323 856 120 7.13333 0.339935
 0.0163938 323 857 120 7.14167 0.348708
 0.0163118 323 858 120 7.15 0.357071
 0.0162353 323 859 120 7.15833 0.365053
 0.0161639 323 860 120 7.16667 0.372678
 0.0160972 323 861 120 7.175 0.379967
 0.0160349 323 862 120 7.18333 0.38694
 0.0159766 323 863 120 7.19167 0.393612
 0.0159222 323 864 120 7.2 0.4
 0.0158712 323 865 120 7.20833 0.406116
 0.0158237 323 866 120 7.21667 0.411974
 0.0157793 323 867 120 7.225 0.417582
 0.0157379 323 868 120 7.23333 0.422953
 0.0156993 323 869 120 7.24167 0.428093
 0.0156634 323 870 120 7.25 0.433013
 0.0156301 323 871 120 7.25833 0.437718
 0.0155992 323 872 120 7.26667 0.442217
 0.0155707 323 873 120 7.275 0.446514
 0.0155444 323 874 120 7.28333 0.450617
 0.0155204 323 875 120 7.29167 0.45453
 0.0154984 323 876 120 7.3 0.458258
 0.0154784 323 877 120 7.30833 0.461805
 0.0154604 323 878 120 7.31667 0.465176
 0.0154443 323 879 120 7.325 0.468375
 0.01543 323 880 120 7.33333 0.471405
 0.0154176 323 881 120 7.34167 0.474268
 0.0154068 323 882 120 7.35 0.47697
 0.0153978 323 883 120 7.35833 0.479511
 0.0153904 323 884 120 7.36667 0.481894
 0.0153847 323 885 120 7.375 0.484123
 0.0153806 323 886 120 7.38333 0.486198
 0.015378 323 887 120 7.39167 0.488123
 0.015377 323 888 120 7.4 0.489898
 0.0153776 323 889 120 7.40833 0.491525
 0.0153796 323 890 120 7.41667 0.493007
 0.0153831 323 891 120 7.425 0.494343
 0.0153881 323 892 120 7.43333 0.495536
 0.0153945 323 893 120 7.44167 0.496586
 0.0154024 323 894 120 7.45 0.497494
 0.0154117 323 895 120 7.45833 0.498261
 0.0154225 323 896 120 7.46667 0.498888
 0.0154347 323 897 120 7.475 0.499375
 0.0154483 323 898 120 7.48333 0.499722
 0.0154634 323 899 120 7.49167 0.499931
 0.0154799 323 900 120 7.5 0.5
 0.0154978 323 901 120 7.50833 0.499931
 0.0155172 323 902 120 7.51667 0.499722
 0.015538 323 903 120 7.525 0.499375
 0.0155602 323 904 120 7.53333 0.498888
 0.0155839 323 905 120 7.54167 0.498261
 0.0156092 323 906 120 7.55 0.497494
 0.0156359 323 907 120 7.55833 0.496586
 0.0156641 323 908 120 7.56667 0.495536
 0.0156939 323 909 120 7.575 0.494343
 0.0157252 323 910 120 7.58333 0.493007
 0.0157095 324 911 120 7.59167 0.491525
 0.0157439 324 912 120 7.6 0.489898
 0.01578 324 913 120 7.60833 0.488123
 0.015769 325 914 120 7.61667 0.486198
 0.0158084 325 915 120 7.625 0.484123
 0.0158494 325 916 120 7.63333 0.481894
 0.0158435 326 917 120 7.64167 0.479511
 0.0158395 327 918 120 7.65 0.47697
 0.0158374 328 919 120 7.65833 0.474268
 0.0158372 329 920 120 7.66667 0.471405
 0.0158871 329 921 120 7.675 0.468375
 0.0158908 330 922 120 7.68333 0.465176
 0.0159447 330 923 120 7.69167 0.461805
 0.0159525 331 924 120 7.7 0.458258
 0.0159625 332 925 120 7.70833 0.45453
 0.0159747 333 926 120 7.71667 0.450617
 0.0159893 334 927 120 7.725 0.446514
 0.0160063 335 928 120 7.73333 0.442217
 0.0160259 336 929 120 7.74167 0.437718
 0.016048 337 930 120 7.75 0.433013
 0.0160729 338 931 120 7.75833 0.428093
 0.0161007 339 932 120 7.76667 0.422953
 0.0161314 340 933 120 7.775 0.417582
 0.0161653 341 934 120 7.78333 0.411974
 0.0162025 342 935 120 7.79167 0.406116
 0.0162432 343 936 120 7.8 0.4
 0.0162876 344 937 120 7.80833 0.393612
 0.016336 345 938 120 7.81667 0.38694
 0.0163885 346 939 120 7.825 0.379967
 0.0164456 347 940 120 7.83333 0.372678
 0.0165074 348 941 120 7.84167 0.365053
 0.0165745 349 942 120 7.85 0.357071
 0.0166473 350 943 120 7.85833 0.348708
 0.0167263 351 944 120 7.86667 0.339935
 0.0168121 352 945 120 7.875 0.330719
 0.0169054 353 946 120 7.88333 0.321023
 0.017007 354 947 120 7.89167 0.310801
 0.0171181 355 948 120 7.9 0.3
 0.0172398 356 949 120 7.90833 0.288555
 0.0173737 357 950 120 7.91667 0.276385
 0.0175218 358 951 120 7.925 0.263391
 0.0176866 359 952 120 7.93333 0.249444
 0.0178716 360 953 120 7.94167 0.234373
 0.0180814 361 954 120 7.95 0.217945
 0.0183229 362 955 120 7.95833 0.199826
 0.0186067 363 956 120 7.96667 0.179505
 0.0189507 364 957 120 7.975 0.156125
 0.0193899 365 958 120 7.98333 0.128019
 0.0200156 366 959 120 7.99167 0.0909059
 0.0217984 367 960 120 8 0
 0.0200027 367 961 120 8.00833 0.0909059
 0.0193647 367 962 120 8.01667 0.128019
 0.0189136 367 963 120 8.025 0.156125
 0.0185579 367 964 120 8.03333 0.179505
 0.0182626 367 965 120 8.04167 0.199826
 0.0180095 367 966 120 8.05 0.217945
 0.0177882 367 967 120 8.05833 0.234373
 0.0175918 367 968 120 8.06667 0.249444
 0.0174156 367 969 120 8.075 0.263391
 0.0172561 367 970 120 8.08333 0.276385
 0.0171107 367 971 120 8.09167 0.288555
 0.0169776 367 972 120 8.1 0.3
 0.016855 367 973 120 8.10833 0.310801
 0.0167418 367 974 120 8.11667 0.321023
 0.0166368 367 975 120 8.125 0.330719
 0.0165394 367 976 120 8.13333 0.339935
 0.0164486 367 977 120 8.14167 0.348708
 0.016364 367 978 120 8.15 0.357071
 0.0162849 367 979 120 8.15833 0.365053
 0.016211 367 980 120 8.16667 0.372678
 0.0161418 367 981 120 8.175 0.379967
 0.0160771 367 982 120 8.18333 0.38694
 0.0160164 367 983 120 8.19167 0.393612
 0.0159595 367 984 120 8.2 0.4
 0.0159062 367 985 120 8.20833 0.406116
 0.0158563 367 986 120 8.21667 0.411974
 0.0158096 367 987 120 8.225 0.417582
 0.0157659 367 988 120 8.23333 0.422953
 0.0157251 367 989 120 8.24167 0.428093
 0.0156869 367 990 120 8.25 0.433013
 0.0156514 367 991 120 8.25833 0.437718
 0.0156183 367 992 120 8.26667 0.442217
 0.0155876 367 993 120 8.275 0.446514
 0.0155592 367 994 120 8.28333 0.450617
 0.0155329 367 995 120 8.29167 0.45453
 0.0155088 367 996 120 8.3 0.458258
 0.0154867 367 997 120 8.30833 0.461805
 0.0154665 367 998 120 8.31667 0.465176
 0.0154483 367 999 120 8.325 0.468375
 0.0154319 367 1000 120 8.33333 0.471405
 0.0154174 367 1001 120 8.34167 0.474268
 0.0154045 367 1002 120 8.35 0.47697
 0.0153934 367 1003 120 8.35833 0.479511
 0.015384 367 1004 120 8.36667 0.481894
 0.0153762 367 1005 120 8.375 0.484123
 0.01537 367 1006 120 8.38333 0.486198
 0.0153654 367 1007 120 8.39167 0.488123
 0.0153623 367 1008 120 8.4 0.489898
 0.0153608 367 1009 120 8.40833 0.491525
 0.0153607 367 1010 120 8.41667 0.493007
 0.0153622 367 1011 120 8.425 0.494343
 0.0153651 367 1012 120 8.43333 0.495536
 0.0153695 367 1013 120 8.44167 0.496586
 0.0153754 367 1014 120 8.45 0.497494
 0.0153827 367 1015 120 8.45833 0.498261
 0.0153914 367 1016 120 8.46667 0.498888
 0.0154015 367 1017 120 8.475 0.499375
 0.0154131 367 1018 120 8.48333 0.499722
 0.0154261 367 1019 120 8.49167 0.499931
 0.0154405 367 1020 120 8.5 0.5
 0.0154564 367 1021 120 8.50833 0.499931
 0.0154737 367 1022 120 8.51667 0.499722
 0.0154924 367 1023 120 8.525 0.499375
 0.0155126 367 1024 120 8.53333 0.498888
 0.0155342 367 1025 120 8.54167 0.498261
 0.0155573 367 1026 120 8.55 0.497494
 0.0155819 367 1027 120 8.55833 0.496586
 0.0156081 367 1028 120 8.56667 0.495536
 0.0156357 367 1029 120 8.575 0.494343
 0.0156649 367 1030 120 8.58333 0.493007
 0.0156957 367 1031 120 8.59167 0.491525
 0.0156853 368 1032 120 8.6 0.489898
 0.0157193 368 1033 120 8.60833 0.488123
 0.0157549 368 1034 120 8.61667 0.486198
 0.0157922 368 1035 120 8.625 0.484123
 0.0157883 369 1036 120 8.63333 0.481894
 0.0157862 370 1037 120 8.64167 0.479511
 0.0158286 370 1038 120 8.65 0.47697
 0.0158301 371 1039 120 8.65833 0.474268
 0.0158335 372 1040 120 8.66667 0.471405
 0.0158389 373 1041 120 8.675 0.468375
 0.0158887 373 1042 120 8.68333 0.465176
 0.015898 374 1043 120 8.69167 0.461805
 0.0159094 375 1044 120 8.7 0.458258
 0.015923 376 1045 120 8.70833 0.45453
 0.0159388 377 1046 120 8.71667 0.450617
 0.015957 378 1047 120 8.725 0.446514
 0.0159776 379 1048 120 8.73333 0.442217
 0.0160006 380 1049 120 8.74167 0.437718
 0.0160263 381 1050 120 8.75 0.433013
 0.0160547 382 1051 120 8.75833 0.428093
 0.0160859 383 1052 120 8.76667 0.422953
 0.0161201 384 1053 120 8.775 0.417582
 0.0161574 385 1054 120 8.78333 0.411974
 0.016198 386 1055 120 8.79167 0.406116
 0.0162422 387 1056 120 8.8 0.4
 0.01629 388 1057 120 8.80833 0.393612
 0.0163417 389 1058 120 8.81667 0.38694
 0.0163976 390 1059 120 8.825 0.379967
 0.0164581 391 1060 120 8.83333 0.372678
 0.0165234 392 1061 120 8.84167 0.365053
 0.0165939 393 1062 120 8.85 0.357071
 0.0166701 394 1063 120 8.85833 0.348708
 0.0167525 395 1064 120 8.86667 0.339935
 0.0168417 396 1065 120 8.875 0.330719
 0.0169385 397 1066 120 8.88333 0.321023
 0.0170437 398 1067 120 8.89167 0.310801
 0.0171583 399 1068 120 8.9 0.3
 0.0172836 400 1069 120 8.90833 0.288555
 0.0174211 401 1070 120 8.91667 0.276385
 0.0175729 402 1071 120 8.925 0.263391
 0.0177416 403 1072 120 8.93333 0.249444
 0.0179304 404 1073 120 8.94167 0.234373
 0.0181443 405 1074 120 8.95 0.217945
 0.01839 406 1075 120 8.95833 0.199826
 0.0186783 407 1076 120 8.96667 0.179505
 0.019027 408 1077 120 8.975 0.156125
 0.0194714 409 1078 120 8.98333 0.128019
 0.0201034 410 1079 120 8.99167 0.0909059
 0.0218978 411 1080 120 9 0
 0.0200916 411 1081 120 9.00833 0.0909059
 0.0194486 411 1082 120 9.01667 0.128019
 0.0189933 411 1083 120 9.025 0.156125
 0.018634 411 1084 120 9.03333 0.179505
 0.0183353 411 1085 120 9.04167 0.199826
 0.0180792 411 1086 120 9.05 0.217945
 0.017855 411 1087 120 9.05833 0.234373
 0.0176559 411 1088 120 9.06667 0.249444
 0.017477 411 1089 120 9.075 0.263391
 0.017315 411 1090 120 9.08333 0.276385
 0.0171672 411 1091 120 9.09167 0.288555
 0.0170316 411 1092 120 9.1 0.3
 0.0169068 411 1093 120 9.10833 0.310801
 0.0167913 411 1094 120 9.11667 0.321023
 0.0166842 411 1095 120 9.125 0.330719
 0.0165846 411 1096 120 9.13333 0.339935
 0.0164917 411 1097 120 9.14167 0.348708
 0.016405 411 1098 120 9.15 0.357071
 0.0163239 411 1099 120 9.15833 0.365053
 0.016248 411 1100 120 9.16667 0.372678
 0.0161769 411 1101 120 9.175 0.379967
 0.0161102 411 1102 120 9.18333 0.38694
 0.0160476 411 1103 120 9.19167 0.393612
 0.0159889 411 1104 120 9.2 0.4
 0.0159337 411 1105 120 9.20833 0.406116
 0.015882 411 1106 120 9.21667 0.411974
 0.0158335 411 1107 120 9.225 0.417582
 0.015788 411 1108 120 9.23333 0.422953
 0.0157453 411 1109 120 9.24167 0.428093
 0.0157054 411 1110 120 9.25 0.433013
 0.0156681 411 1111 120 9.25833 0.437718
 0.0156333 411 1112 120 9.26667 0.442217
 0.0156009 411 1113 120 9.275 0.446514
 0.0155707 411 1114 120 9.28333 0.450617
 0.0155428 411 1115 120 9.29167 0.45453
 0.015517 411 1116 120 9.3 0.458258
 0.0154932 411 1117 120 9.30833 0.461805
 0.0154714 411 1118 120 9.31667 0.465176
 0.0154515 411 1119 120 9.325 0.468375
 0.0154334 411 1120 120 9.33333 0.471405
 0.0154172 411 1121 120 9.34167 0.474268
 0.0154027 411 1122 120 9.35 0.47697
 0.01539 411 1123 120 9.35833 0.479511
 0.0153789 411 1124 120 9.36667 0.481894
 0.0153695 411 1125 120 9.375 0.484123
 0.0153617 411 1126 120 9.38333 0.486198
 0.0153554 411 1127 120 9.39167 0.488123
 0.0153507 411 1128 120 9.4 0.489898
 0.0153476 411 1129 120 9.40833 0.491525
 0.0153459 411 1130 120 9.41667 0.493007
 0.0153458 411 1131 120 9.425 0.494343
 0.0153471 411 1132 120 9.43333 0.495536
 0.0153499 411 1133 120 9.44167 0.496586
 0.0153541 411 1134 120 9.45 0.497494
 0.0153598 411 1135 120 9.45833 0.498261
 0.0153669 411 1136 120 9.46667 0.498888
 0.0153754 411 1137 120 9.475 0.499375
 0.0153854 411 1138 120 9.48333 0.499722
 0.0153968 411 1139 120 9.49167 0.499931
 0.0154096 411 1140 120 9.5 0.5
 0.0154238 411 1141 120 9.50833 0.499931
 0.0154395 411 1142 120 9.51667 0.499722
 0.0154566 411 1143 120 9.525 0.499375
 0.0154751 411 1144 120 9.53333 0.498888
 0.0154951 411 1145 120 9.54167 0.498261
 0.0155166 411 1146 120 9.55 0.497494
 0.0155396 411 1147 120 9.55833 0.496586
 0.015564 411 1148 120 9.56667 0.495536
 0.01559 411 1149 120 9.575 0.494343
 0.0156176 411 1150 120 9.58333 0.493007
 0.0156467 411 1151 120 9.59167 0.491525
 0.0156774 411 1152 120 9.6 0.489898
 0.0156716 412 1153 120 9.60833 0.488123
 0.0157055 412 1154 120 9.61667 0.486198
 0.015741 412 1155 120 9.625 0.484123
 0.0157784 412 1156 120 9.63333 0.481894
 0.0157792 413 1157 120 9.64167 0.479511
 0.0157818 414 1158 120 9.65 0.47697
 0.0157862 415 1159 120 9.65833 0.474268
 0.0157925 416 1160 120 9.66667 0.471405
 0.0158008 417 1161 120 9.675 0.468375
 0.0158489 417 1162 120 9.68333 0.465176
 0.0158611 418 1163 120 9.69167 0.461805
 0.0158754 419 1164 120 9.7 0.458258
 0.0158918 420 1165 120 9.70833 0.45453
 0.0159105 421 1166 120 9.71667 0.450617
 0.0159314 422 1167 120 9.725 0.446514
 0.0159548 423 1168 120 9.73333 0.442217
 0.0159806 424 1169 120 9.74167 0.437718
 0.0160091 425 1170 120 9.75 0.433013
 0.0160402 426 1171 120 9.75833 0.428093
 0.0160742 427 1172 120 9.76667 0.422953
 0.0161111 428 1173 120 9.775 0.417582
 0.0161511 429 1174 120 9.78333 0.411974
 0.0161945 430 1175 120 9.79167 0.406116
 0.0162413 431 1176 120 9.8 0.4
 0.0162918 432 1177 120 9.80833 0.393612
 0.0163463 433 1178 120 9.81667 0.38694
 0.0164049 434 1179 120 9.825 0.379967
 0.0164681 435 1180 120 9.83333 0.372678
 0.0165361 436 1181 120 9.84167 0.365053
 0.0166093 437 1182 120 9.85 0.357071
 0.0166883 438 1183 120 9.85833 0.348708
 0.0167734 439 1184 120 9.86667 0.339935
 0.0168655 440 1185 120 9.875 0.330719
 0.016965 441 1186 120 9.88333 0.321023
 0.017073 442 1187 120 9.89167 0.310801
 0.0171905 443 1188 120 9.9 0.3
 0.0173187 444 1189 120 9.90833 0.288555
 0.0174592 445 1190 120 9.91667 0.276385
 0.017614 446 1191 120 9.925 0.263391
 0.0177857 447 1192 120 9.93333 0.249444
 0.0179777 448 1193 120 9.94167 0.234373
 0.0181949 449 1194 120 9.95 0.217945
 0.018444 450 1195 120 9.95833 0.199826
 0.0187359 451 1196 120 9.96667 0.179505
 0.0190884 452 1197 120 9.975 0.156125
 0.0195371 453 1198 120 9.98333 0.128019
 0.0201741 454 1199 120 9.99167 0.0909059
 0.021978 455 1200 120 10 0
 0.0201634 455 1201 120 10.0083 0.0909059
 0.0195162 455 1202 120 10.0167 0.128019
 0.0190576 455 1203 120 10.025 0.156125
 0.0186954 455 1204 120 10.0333 0.179505
 0.018394 455 1205 120 10.0417 0.199826
 0.0181354 455 1206 120 10.05 0.217945
 0.0179089 455 1207 120 10.0583 0.234373
 0.0177075 455 1208 120 10.0667 0.249444
 0.0175265 455 1209 120 10.075 0.263391
 0.0173624 455 1210 120 10.0833 0.276385
 0.0172127 455 1211 120 10.0917 0.288555
 0.0170752 455 1212 120 10.1 0.3
 0.0169485 455 1213 120 10.1083 0.310801
 0.0168312 455 1214 120 10.1167 0.321023
 0.0167223 455 1215 120 10.125 0.330719
 0.016621 455 1216 120 10.1333 0.339935
 0.0165265 455 1217 120 10.1417 0.348708
 0.0164381 455 1218 120 10.15 0.357071
 0.0163554 455 1219 120 10.1583 0.365053
 0.0162779 455 1220 120 10.1667 0.372678
 0.0162052 455 1221 120 10.175 0.379967
 0.0161369 455 1222 120 10.1833 0.38694
 0.0160728 455 1223 120 10.1917 0.393612
 0.0160126 455 1224 120 10.2 0.4
 0.0159559 455 1225 120 10.2083 0.406116
 0.0159027 455 1226 120 10.2167 0.411974
 0.0158527 455 1227 120 10.225 0.417582
 0.0158058 455 1228 120 10.2333 0.422953
 0.0157617 455 1229 120 10.2417 0.428093
 0.0157204 455 1230 120 10.25 0.433013
 0.0156816 455 1231 120 10.2583 0.437718
 0.0156454 455 1232 120 10.2667 0.442217
 0.0156116 455 1233 120 10.275 0.446514
 0.0155801 455 1234 120 10.2833 0.450617
 0.0155508 455 1235 120 10.2917 0.45453
 0.0155236 455 1236 120 10.3 0.458258
 0.0154984 455 1237 120 10.3083 0.461805
 0.0154753 455 1238 120 10.3167 0.465176
 0.015454 455 1239 120 10.325 0.468375
 0.0154347 455 1240 120 10.3333 0.471405
 0.0154171 455 1241 120 10.3417 0.474268
 0.0154013 455 1242 120 10.35 0.47697
 0.0153872 455 1243 120 10.3583 0.479511
 0.0153748 455 1244 120 10.3667 0.481894
 0.0153641 455 1245 120 10.375 0.484123
 0.015355 455 1246 120 10.3833 0.486198
 0.0153474 455 1247 120 10.3917 0.488123
 0.0153414 455 1248 120 10.4 0.489898
 0.015337 455 1249 120 10.4083 0.491525
 0.015334 455 1250 120 10.4167 0.493007
 0.0153325 455 1251 120 10.425 0.494343
 0.0153326 455 1252 120 10.4333 0.495536
 0.0153341 455 1253 120 10.4417 0.496586
 0.015337 455 1254 120 10.45 0.497494
 0.0153414 455 1255 120 10.4583 0.498261
 0.0153472 455 1256 120 10.4667 0.498888
 0.0153544 455 1257 120 10.475 0.499375
 0.015363 455 1258 120 10.4833 0.499722
 0.0153731 455 1259 120 10.4917 0.499931
 0.0153846 455 1260 120 10.5 0.5
 0.0153975 455 1261 120 10.5083 0.499931
 0.0154119 455 1262 120 10.5167 0.499722
 0.0154277 455 1263 120 10.525 0.499375
 0.0154449 455 1264 120 10.5333 0.498888
 0.0154636 455 1265 120 10.5417 0.498261
 0.0154837 455 1266 120 10.55 0.497494
 0.0155054 455 1267 120 10.5583 0.496586
 0.0155285 455 1268 120 10.5667 0.495536
 0.0155532 455 1269 120 10.575 0.494343
 0.0155794 455 1270 120 10.5833 0.493007
 0.0156071 455 1271 120 10.5917 0.491525
 0.0156364 455 1272 120 10.6 0.489898
 0.0156674 455 1273 120 10.6083 0.488123
 0.0156656 456 1274 120 10.6167 0.486198
 0.0156998 456 1275 120 10.625 0.484123
 0.0157357 456 1276 120 10.6333 0.481894
 0.0157734 456 1277 120 10.6417 0.479511
 0.0157784 457 1278 120 10.65 0.47697
 0.0157851 458 1279 120 10.6583 0.474268
 0.0157937 459 1280 120 10.6667 0.471405
 0.0158042 460 1281 120 10.675 0.468375
 0.0158167 461 1282 120 10.6833 0.465176
 0.0158312 462 1283 120 10.6917 0.461805
 0.0158478 463 1284 120 10.7 0.458258
 0.0158665 464 1285 120 10.7083 0.45453
 0.0158874 465 1286 120 10.7167 0.450617
 0.0159107 466 1287 120 10.725 0.446514
 0.0159363 467 1288 120 10.7333 0.442217
 0.0159644 468 1289 120 10.7417 0.437718
 0.015995 469 1290 120 10.75 0.433013
 0.0160284 470 1291 120 10.7583 0.428093
 0.0160646 471 1292 120 10.7667 0.422953
 0.0161037 472 1293 120 10.775 0.417582
 0.016146 473 1294 120 10.7833 0.411974
 0.0161916 474 1295 120 10.7917 0.406116
 0.0162406 475 1296 120 10.8 0.4
 0.0162933 476 1297 120 10.8083 0.393612
 0.01635 477 1298 120 10.8167 0.38694
 0.0164109 478 1299 120 10.825 0.379967
 0.0164762 479 1300 120 10.8333 0.372678
 0.0165465 480 1301 120 10.8417 0.365053
 0.0166219 481 1302 120 10.85 0.357071
 0.0167031 482 1303 120 10.8583 0.348708
 0.0167906 483 1304 120 10.8667 0.339935
 0.0168849 484 1305 120 10.875 0.330719
 0.0169867 485 1306 120 10.8833 0.321023
 0.0170971 486 1307 120 10.8917 0.310801
 0.0172169 487 1308 120 10.9 0.3
 0.0173475 488 1309 120 10.9083 0.288555
 0.0174904 489 1310 120 10.9167 0.276385
 0.0176477 490 1311 120 10.925 0.263391
 0.0178219 491 1312 120 10.9333 0.249444
 0.0180166 492 1313 120 10.9417 0.234373
 0.0182364 493 1314 120 10.95 0.217945
 0.0184884 494 1315 120 10.9583 0.199826
 0.0187832 495 1316 120 10.9667 0.179505
 0.0191389 496 1317 120 10.975 0.156125
 0.0195912 497 1318 120 10.9833 0.128019
 0.0202324 498 1319 120 10.9917 0.0909059
 0.0220441 499 1320 120 11 0
 0.0202224 499 1321 120 11.0083 0.0909059
 0.0195719 499 1322 120 11.0167 0.128019
 0.0191106 499 1323 120 11.025 0.156125
 0.0187459 499 1324 120 11.0333 0.179505
 0.0184423 499 1325 120 11.0417 0.199826
 0.0181817 499 1326 120 11.05 0.217945
 0.0179532 499 1327 120 11.0583 0.234373
 0.01775 499 1328 120 11.0667 0.249444
 0.0175673 499 1329 120 11.075 0.263391
 0.0174016 499 1330 120 11.0833 0.276385
 0.0172502 499 1331 120 11.0917 0.288555
 0.0171111 499 1332 120 11.1 0.3
 0.0169829 499 1333 120 11.1083 0.310801
 0.0168641 499 1334 120 11.1167 0.321023
 0.0167538 499 1335 120 11.125 0.330719
 0.016651 499 1336 120 11.1333 0.339935
 0.0165551 499 1337 120 11.1417 0.348708
 0.0164654 499 1338 120 11.15 0.357071
 0.0163813 499 1339 120 11.1583 0.365053
 0.0163025 499 1340 120 11.1667 0.372678
 0.0162285 499 1341 120 11.175 0.379967
 0.016159 499 1342 120 11.1833 0.38694
 0.0160936 499 1343 120 11.1917 0.393612
 0.0160321 499 1344 120 11.2 0.4
 0.0159742 499 1345 120 11.2083 0.406116
 0.0159198 499 1346 120 11.2167 0.411974
 0.0158686 499 1347 120 11.225 0.417582
 0.0158204 499 1348 120 11.2333 0.422953
 0.0157752 499 1349 120 11.2417 0.428093
 0.0157327 499 1350 120 11.25 0.433013
 0.0156928 499 1351 120 11.2583 0.437718
 0.0156554 499 1352 120 11.2667 0.442217
 0.0156204 499 1353 120 11.275 0.446514
 0.0155878 499 1354 120 11.2833 0.450617
 0.0155573 499 1355 120 11.2917 0.45453
 0.015529 499 1356 120 11.3 0.458258
 0.0155027 499 1357 120 11.3083 0.461805
 0.0154785 499 1358 120 11.3167 0.465176
 0.0154561 499 1359 120 11.325 0.468375
 0.0154357 499 1360 120 11.3333 0.471405
 0.015417 499 1361 120 11.3417 0.474268
 0.0154001 499 1362 120 11.35 0.47697
 0.0153849 499 1363 120 11.3583 0.479511
 0.0153715 499 1364 120 11.3667 0.481894
 0.0153596 499 1365 120 11.375 0.484123
 0.0153494 499 1366 120 11.3833 0.486198
 0.0153408 499 1367 120 11.3917 0.488123
 0.0153337 499 1368 120 11.4 0.489898
 0.0153282 499 1369 120 11.4083 0.491525
 0.0153242 499 1370 120 11.4167 0.493007
 0.0153216 499 1371 120 11.425 0.494343
 0.0153206 499 1372 120 11.4333 0.495536
 0.015321 499 1373 120 11.4417 0.496586
 0.0153229 499 1374 120 11.45 0.497494
 0.0153262 499 1375 120 11.4583 0.498261
 0.0153309 499 1376 120 11.4667 0.498888
 0.0153371 499 1377 120 11.475 0.499375
 0.0153446 499 1378 120 11.4833 0.499722
 0.0153536 499 1379 120 11.4917 0.499931
 0.0153641 499 1380 120 11.5 0.5
 0.0153759 499 1381 120 11.5083 0.499931
 0.0153892 499 1382 120 11.5167 0.499722
 0.0154039 499 1383 120 11.525 0.499375
 0.01542 499 1384 120 11.5333 0.498888
 0.0154376 499 1385 120 11.5417 0.498261
 0.0154567 499 1386 120 11.55 0.497494
 0.0154772 499 1387 120 11.5583 0.496586
 0.0154993 499 1388 120 11.5667 0.495536
 0.0155228 499 1389 120 11.575 0.494343
 0.0155479 499 1390 120 11.5833 0.493007
 0.0155745 499 1391 120 11.5917 0.491525
 0.0156027 499 1392 120 11.6 0.489898
 0.0156326 499 1393 120 11.6083 0.488123
 0.0156641 499 1394 120 11.6167 0.486198
 0.0156658 500 1395 120 11.625 0.484123
 0.0157006 500 1396 120 11.6333 0.481894
 0.0157372 500 1397 120 11.6417 0.479511
 0.0157441 501 1398 120 11.65 0.47697
 0.0157527 502 1399 120 11.6583 0.474268
 0.0157633 503 1400 120 11.6667 0.471405
 0.0157757 504 1401 120 11.675 0.468375
 0.0157901 505 1402 120 11.6833 0.465176
 0.0158065 506 1403 120 11.6917 0.461805
 0.015825 507 1404 120 11.7 0.458258
 0.0158456 508 1405 120 11.7083 0.45453
 0.0158684 509 1406 120 11.7167 0.450617
 0.0158935 510 1407 120 11.725 0.446514
 0.015921 511 1408 120 11.7333 0.442217
 0.0159509 512 1409 120 11.7417 0.437718
 0.0159834 513 1410 120 11.75 0.433013
 0.0160187 514 1411 120 11.7583 0.428093
 0.0160567 515 1412 120 11.7667 0.422953
 0.0160977 516 1413 120 11.775 0.417582
 0.0161418 517 1414 120 11.7833 0.411974
 0.0161892 518 1415 120 11.7917 0.406116
 0.01624 519 1416 120 11.8 0.4
 0.0162946 520 1417 120 11.8083 0.393612
 0.0163531 521 1418 120 11.8167 0.38694
 0.0164158 522 1419 120 11.825 0.379967
 0.016483 523 1420 120 11.8333 0.372678
 0.0165551 524 1421 120 11.8417 0.365053
 0.0166325 525 1422 120 11.85 0.357071
 0.0167155 526 1423 120 11.8583 0.348708
 0.0168048 527 1424 120 11.8667 0.339935
 0.016901 528 1425 120 11.875 0.330719
 0.0170048 529 1426 120 11.8833 0.321023
 0.0171171 530 1427 120 11.8917 0.310801
 0.0172389 531 1428 120 11.9 0.3
 0.0173715 532 1429 120 11.9083 0.288555
 0.0175164 533 1430 120 11.9167 0.276385
 0.0176758 534 1431 120 11.925 0.263391
 0.0178522 535 1432 120 11.9333 0.249444
 0.018049 536 1433 120 11.9417 0.234373
 0.0182712 537 1434 120 11.95 0.217945
 0.0185255 538 1435 120 11.9583 0.199826
 0.0188228 539 1436 120 11.9667 0.179505
 0.0191813 540 1437 120 11.975 0.156125
 0.0196365 541 1438 120 11.9833 0.128019
 0.0202812 542 1439 120 11.9917 0.0909059
 0.0220994 543 1440 120 12 0
 0.020272 543 1441 120 12.0083 0.0909059
 0.0196186 543 1442 120 12.0167 0.128019
 0.0191549 543 1443 120 12.025 0.156125
 0.0187882 543 1444 120 12.0333 0.179505
 0.0184828 543 1445 120 12.0417 0.199826
 0.0182205 543 1446 120 12.05 0.217945
 0.0179904 543 1447 120 12.0583 0.234373
 0.0177857 543 1448 120 12.0667 0.249444
 0.0176015 543 1449 120 12.075 0.263391
 0.0174343 543 1450 120 12.0833 0.276385
 0.0172816 543 1451 120 12.0917 0.288555
 0.0171412 543 1452 120 12.1 0.3
 0.0170117 543 1453 120 12.1083 0.310801
 0.0168917 543 1454 120 12.1167 0.321023
 0.0167801 543 1455 120 12.125 0.330719
 0.0166762 543 1456 120 12.1333 0.339935
 0.0165791 543 1457 120 12.1417 0.348708
 0.0164882 543 1458 120 12.15 0.357071
 0.0164031 543 1459 120 12.1583 0.365053
 0.0163231 543 1460 120 12.1667 0.372678
 0.016248 543 1461 120 12.175 0.379967
 0.0161774 543 1462 120 12.1833 0.38694
 0.016111 543 1463 120 12.1917 0.393612
 0.0160484 543 1464 120 12.2 0.4
 0.0159895 543 1465 120 12.2083 0.406116
 0.0159341 543 1466 120 12.2167 0.411974
 0.0158818 543 1467 120 12.225 0.417582
 0.0158327 543 1468 120 12.2333 0.422953
 0.0157864 543 1469 120 12.2417 0.428093
 0.015743 543 1470 120 12.25 0.433013
 0.0157021 543 1471 120 12.2583 0.437718
 0.0156638 543 1472 120 12.2667 0.442217
 0.0156278 543 1473 120 12.275 0.446514
 0.0155942 543 1474 120 12.2833 0.450617
 0.0155628 543 1475 120 12.2917 0.45453
 0.0155336 543 1476 120 12.3 0.458258
 0.0155064 543 1477 120 12.3083 0.461805
 0.0154812 543 1478 120 12.3167 0.465176
 0.0154579 543 1479 120 12.325 0.468375
 0.0154365 543 1480 120 12.3333 0.471405
 0.0154169 543 1481 120 12.3417 0.474268
 0.0153991 543 1482 120 12.35 0.47697
 0.015383 543 1483 120 12.3583 0.479511
 0.0153686 543 1484 120 12.3667 0.481894
 0.0153559 543 1485 120 12.375 0.484123
 0.0153448 543 1486 120 12.3833 0.486198
 0.0153353 543 1487 120 12.3917 0.488123
 0.0153273 543 1488 120 12.4 0.489898
 0.0153209 543 1489 120 12.4083 0.491525
 0.0153159 543 1490 120 12.4167 0.493007
 0.0153125 543 1491 120 12.425 0.494343
 0.0153106 543 1492 120 12.4333 0.495536
 0.0153101 543 1493 120 12.4417 0.496586
 0.015311 543 1494 120 12.45 0.497494
 0.0153134 543 1495 120 12.4583 0.498261
 0.0153173 543 1496 120 12.4667 0.498888
 0.0153225 543 1497 120 12.475 0.499375
 0.0153292 543 1498 120 12.4833 0.499722
 0.0153373 543 1499 120 12.4917 0.499931
 0.0153468 543 1500 120 12.5 0.5
 0.0153578 543 1501 120 12.5083 0.499931
 0.0153701 543 1502 120 12.5167 0.499722
 0.0153839 543 1503 120 12.525 0.499375
 0.0153992 543 1504 120 12.5333 0.498888
 0.0154159 543 1505 120 12.5417 0.498261
 0.015434 543 1506 120 12.55 0.497494
 0.0154536 543 1507 120 12.5583 0.496586
 0.0154747 543 1508 120 12.5667 0.495536
 0.0154974 543 1509 120 12.575 0.494343
 0.0155215 543 1510 120 12.5833 0.493007
 0.0155472 543 1511 120 12.5917 0.491525
 0.0155745 543 1512 120 12.6 0.489898
 0.0156034 543 1513 120 12.6083 0.488123
 0.0156339 543 1514 120 12.6167 0.486198
 0.0156373 544 1515 120 12.625 0.484123
 0.0156712 544 1516 120 12.6333 0.481894
 0.0157068 544 1517 120 12.6417 0.479511
 0.0157153 545 1518 120 12.65 0.47697
 0.0157256 546 1519 120 12.6583 0.474268
 0.0157378 547 1520 120 12.6667 0.471405
 0.0157518 548 1521 120 12.675 0.468375
 0.0157678 549 1522 120 12.6833 0.465176
 0.0157858 550 1523 120 12.6917 0.461805
 0.0158059 551 1524 120 12.7 0.458258
 0.015828 552 1525 120 12.7083 0.45453
 0.0158524 553 1526 120 12.7167 0.450617
 0.0158791 554 1527 120 12.725 0.446514
 0.0159081 555 1528 120 12.7333 0.442217
 0.0159396 556 1529 120 12.7417 0.437718
 0.0159737 557 1530 120 12.75 0.433013
 0.0160104 558 1531 120 12.7583 0.428093
 0.01605 559 1532 120 12.7667 0.422953
 0.0160925 560 1533 120 12.775 0.417582
 0.0161382 561 1534 120 12.7833 0.411974
 0.0161871 562 1535 120 12.7917 0.406116
 0.0162395 563 1536 120 12.8 0.4
 0.0162956 564 1537 120 12.8083 0.393612
 0.0163557 565 1538 120 12.8167 0.38694
 0.01642 566 1539 120 12.825 0.379967
 0.0164888 567 1540 120 12.8333 0.372678
 0.0165624 568 1541 120 12.8417 0.365053
 0.0166413 569 1542 120 12.85 0.357071
 0.016726 570 1543 120 12.8583 0.348708
 0.0168169 571 1544 120 12.8667 0.339935
 0.0169147 572 1545 120 12.875 0.330719
 0.0170201 573 1546 120 12.8833 0.321023
 0.0171341 574 1547 120 12.8917 0.310801
 0.0172575 575 1548 120 12.9 0.3
 0.0173918 576 1549 120 12.9083 0.288555
 0.0175385 577 1550 120 12.9167 0.276385
 0.0176997 578 1551 120 12.925 0.263391
 0.0178778 579 1552 120 12.9333 0.249444
 0.0180766 580 1553 120 12.9417 0.234373
 0.0183006 581 1554 120 12.95 0.217945
 0.018557 582 1555 120 12.9583 0.199826
 0.0188564 583 1556 120 12.9667 0.179505
 0.0192172 584 1557 120 12.975 0.156125
 0.019675 585 1558 120 12.9833 0.128019
 0.0203226 586 1559 120 12.9917 0.0909059
 0.0221465 587 1560 120 13 0
 0.020314 587 1561 120 13.0083 0.0909059
 0.0196583 587 1562 120 13.0167 0.128019
 0.0191926 587 1563 120 13.025 0.156125
 0.0188242 587 1564 120 13.0333 0.179505
 0.0185173 587 1565 120 13.0417 0.199826
 0.0182534 587 1566 120 13.05 0.217945
 0.018022 587 1567 120 13.0583 0.234373
 0.017816 587 1568 120 13.0667 0.249444
 0.0176305 587 1569 120 13.075 0.263391
 0.0174622 587 1570 120 13.0833 0.276385
 0.0173083 587 1571 120 13.0917 0.288555
 0.0171668 587 1572 120 13.1 0.3
 0.0170362 587 1573 120 13.1083 0.310801
 0.0169151 587 1574 120 13.1167 0.321023
 0.0168025 587 1575 120 13.125 0.330719
 0.0166976 587 1576 120 13.1333 0.339935
 0.0165995 587 1577 120 13.1417 0.348708
 0.0165076 587 1578 120 13.15 0.357071
 0.0164215 587 1579 120 13.1583 0.365053
 0.0163406 587 1580 120 13.1667 0.372678
 0.0162646 587 1581 120 13.175 0.379967
 0.0161931 587 1582 120 13.1833 0.38694
 0.0161257 587 1583 120 13.1917 0.393612
 0.0160623 587 1584 120 13.2 0.4
 0.0160025 587 1585 120 13.2083 0.406116
 0.0159462 587 1586 120 13.2167 0.411974
 0.0158931 587 1587 120 13.225 0.417582
 0.0158431 587 1588 120 13.2333 0.422953
 0.015796 587 1589 120 13.2417 0.428093
 0.0157517 587 1590 120 13.25 0.433013
 0.01571 587 1591 120 13.2583 0.437718
 0.0156709 587 1592 120 13.2667 0.442217
 0.0156341 587 1593 120 13.275 0.446514
 0.0155997 587 1594 120 13.2833 0.450617
 0.0155675 587 1595 120 13.2917 0.45453
 0.0155374 587 1596 120 13.3 0.458258
 0.0155094 587 1597 120 13.3083 0.461805
 0.0154834 587 1598 120 13.3167 0.465176
 0.0154594 587 1599 120 13.325 0.468375
 0.0154372 587 1600 120 13.3333 0.471405
 0.0154168 587 1601 120 13.3417 0.474268
 0.0153983 587 1602 120 13.35 0.47697
 0.0153814 587 1603 120 13.3583 0.479511
 0.0153662 587 1604 120 13.3667 0.481894
 0.0153527 587 1605 120 13.375 0.484123
 0.0153408 587 1606 120 13.3833 0.486198
 0.0153306 587 1607 120 13.3917 0.488123
 0.0153218 587 1608 120 13.4 0.489898
 0.0153146 587 1609 120 13.4083 0.491525
 0.0153089 587 1610 120 13.4167 0.493007
 0.0153047 587 1611 120 13.425 0.494343
 0.015302 587 1612 120 13.4333 0.495536
 0.0153008 587 1613 120 13.4417 0.496586
 0.015301 587 1614 120 13.45 0.497494
 0.0153026 587 1615 120 13.4583 0.498261
 0.0153057 587 1616 120 13.4667 0.498888
 0.0153102 587 1617 120 13.475 0.499375
 0.0153161 587 1618 120 13.4833 0.499722
 0.0153234 587 1619 120 13.4917 0.499931
 0.0153322 587 1620 120 13.5 0.5
 0.0153424 587 1621 120 13.5083 0.499931
 0.015354 587 1622 120 13.5167 0.499722
 0.015367 587 1623 120 13.525 0.499375
 0.0153815 587 1624 120 13.5333 0.498888
 0.0153974 587 1625 120 13.5417 0.498261
 0.0154147 587 1626 120 13.55 0.497494
 0.0154336 587 1627 120 13.5583 0.496586
 0.0154539 587 1628 120 13.5667 0.495536
 0.0154757 587 1629 120 13.575 0.494343
 0.0154991 587 1630 120 13.5833 0.493007
 0.015524 587 1631 120 13.5917 0.491525
 0.0155505 587 1632 120 13.6 0.489898
 0.0155786 587 1633 120 13.6083 0.488123
 0.0156083 587 1634 120 13.6167 0.486198
 0.0156131 588 1635 120 13.625 0.484123
 0.0156461 588 1636 120 13.6333 0.481894
 0.0156809 588 1637 120 13.6417 0.479511
 0.0156908 589 1638 120 13.65 0.47697
 0.0157025 590 1639 120 13.6583 0.474268
 0.015716 591 1640 120 13.6667 0.471405
 0.0157314 592 1641 120 13.675 0.468375
 0.0157488 593 1642 120 13.6833 0.465176
 0.0157681 594 1643 120 13.6917 0.461805
 0.0157895 595 1644 120 13.7 0.458258
 0.0158131 596 1645 120 13.7083 0.45453
 0.0158388 597 1646 120 13.7167 0.450617
 0.0158668 598 1647 120 13.725 0.446514
 0.0158971 599 1648 120 13.7333 0.442217
 0.0159299 600 1649 120 13.7417 0.437718
 0.0159653 601 1650 120 13.75 0.433013
 0.0160034 602 1651 120 13.7583 0.428093
 0.0160443 603 1652 120 13.7667 0.422953
 0.0160882 604 1653 120 13.775 0.417582
 0.0161351 605 1654 120 13.7833 0.411974
 0.0161854 606 1655 120 13.7917 0.406116
 0.0162391 607 1656 120 13.8 0.4
 0.0162966 608 1657 120 13.8083 0.393612
 0.0163579 609 1658 120 13.8167 0.38694
 0.0164235 610 1659 120 13.825 0.379967
 0.0164937 611 1660 120 13.8333 0.372678
 0.0165687 612 1661 120 13.8417 0.365053
 0.0166489 613 1662 120 13.85 0.357071
 0.016735 614 1663 120 13.8583 0.348708
 0.0168273 615 1664 120 13.8667 0.339935
 0.0169265 616 1665 120 13.875 0.330719
 0.0170333 617 1666 120 13.8833 0.321023
 0.0171486 618 1667 120 13.8917 0.310801
 0.0172735 619 1668 120 13.9 0.3
 0.0174093 620 1669 120 13.9083 0.288555
 0.0175575 621 1670 120 13.9167 0.276385
 0.0177201 622 1671 120 13.925 0.263391
 0.0178999 623 1672 120 13.9333 0.249444
 0.0181002 624 1673 120 13.9417 0.234373
 0.018326 625 1674 120 13.95 0.217945
 0.0185841 626 1675 120 13.9583 0.199826
 0.0188854 627 1676 120 13.9667 0.179505
 0.0192481 628 1677 120 13.975 0.156125
 0.019708 629 1678 120 13.9833 0.128019
 0.0203583 630 1679 120 13.9917 0.0909059
 0.022187 631 1680 120 14 0
 0.0203503 631 1681 120 14.0083 0.0909059
 0.0196924 631 1682 120 14.0167 0.128019
 0.0192251 631 1683 120 14.025 0.156125
 0.0188552 631 1684 120 14.0333 0.179505
 0.0185469 631 1685 120 14.0417 0.199826
 0.0182818 631 1686 120 14.05 0.217945
 0.0180492 631 1687 120 14.0583 0.234373
 0.0178421 631 1688 120 14.0667 0.249444
 0.0176555 631 1689 120 14.075 0.263391
 0.0174862 631 1690 120 14.0833 0.276385
 0.0173313 631 1691 120 14.0917 0.288555
 0.0171888 631 1692 120 14.1 0.3
 0.0170573 631 1693 120 14.1083 0.310801
 0.0169353 631 1694 120 14.1167 0.321023
 0.0168218 631 1695 120 14.125 0.330719
 0.016716 631 1696 120 14.1333 0.339935
 0.016617 631 1697 120 14.1417 0.348708
 0.0165243 631 1698 120 14.15 0.357071
 0.0164374 631 1699 120 14.1583 0.365053
 0.0163557 631 1700 120 14.1667 0.372678
 0.0162789 631 1701 120 14.175 0.379967
 0.0162066 631 1702 120 14.1833 0.38694
 0.0161385 631 1703 120 14.1917 0.393612
 0.0160743 631 1704 120 14.2 0.4
 0.0160137 631 1705 120 14.2083 0.406116
 0.0159567 631 1706 120 14.2167 0.411974
 0.0159028 631 1707 120 14.225 0.417582
 0.0158521 631 1708 120 14.2333 0.422953
 0.0158043 631 1709 120 14.2417 0.428093
 0.0157592 631 1710 120 14.25 0.433013
 0.0157169 631 1711 120 14.2583 0.437718
 0.015677 631 1712 120 14.2667 0.442217
 0.0156395 631 1713 120 14.275 0.446514
 0.0156044 631 1714 120 14.2833 0.450617
 0.0155715 631 1715 120 14.2917 0.45453
 0.0155408 631 1716 120 14.3 0.458258
 0.0155121 631 1717 120 14.3083 0.461805
 0.0154854 631 1718 120 14.3167 0.465176
 0.0154607 631 1719 120 14.325 0.468375
 0.0154378 631 1720 120 14.3333 0.471405
 0.0154168 631 1721 120 14.3417 0.474268
 0.0153975 631 1722 120 14.35 0.47697
 0.01538 631 1723 120 14.3583 0.479511
 0.0153642 631 1724 120 14.3667 0.481894
 0.01535 631 1725 120 14.375 0.484123
 0.0153375 631 1726 120 14.3833 0.486198
 0.0153265 631 1727 120 14.3917 0.488123
 0.0153171 631 1728 120 14.4 0.489898
 0.0153092 631 1729 120 14.4083 0.491525
 0.0153029 631 1730 120 14.4167 0.493007
 0.0152981 631 1731 120 14.425 0.494343
 0.0152947 631 1732 120 14.4333 0.495536
 0.0152928 631 1733 120 14.4417 0.496586
 0.0152923 631 1734 120 14.45 0.497494
 0.0152933 631 1735 120 14.4583 0.498261
 0.0152957 631 1736 120 14.4667 0.498888
 0.0152996 631 1737 120 14.475 0.499375
 0.0153048 631 1738 120 14.4833 0.499722
 0.0153115 631 1739 120 14.4917 0.499931
 0.0153196 631 1740 120 14.5 0.5
 0.0153291 631 1741 120 14.5083 0.499931
 0.01534 631 1742 120 14.5167 0.499722
 0.0153524 631 1743 120 14.525 0.499375
 0.0153662 631 1744 120 14.5333 0.498888
 0.0153815 631 1745 120 14.5417 0.498261
 0.0153982 631 1746 120 14.55 0.497494
 0.0154163 631 1747 120 14.5583 0.496586
 0.015436 631 1748 120 14.5667 0.495536
 0.0154571 631 1749 120 14.575 0.494343
 0.0154798 631 1750 120 14.5833 0.493007
 0.015504 631 1751 120 14.5917 0.491525
 0.0155298 631 1752 120 14.6 0.489898
 0.0155572 631 1753 120 14.6083 0.488123
 0.0155863 631 1754 120 14.6167 0.486198
 0.0155923 632 1755 120 14.625 0.484123
 0.0156246 632 1756 120 14.6333 0.481894
 0.0156587 632 1757 120 14.6417 0.479511
 0.0156698 633 1758 120 14.65 0.47697
 0.0156826 634 1759 120 14.6583 0.474268
 0.0156973 635 1760 120 14.6667 0.471405
 0.0157139 636 1761 120 14.675 0.468375
 0.0157324 637 1762 120 14.6833 0.465176
 0.0157529 638 1763 120 14.6917 0.461805
 0.0157755 639 1764 120 14.7 0.458258
 0.0158001 640 1765 120 14.7083 0.45453
 0.015827 641 1766 120 14.7167 0.450617
 0.0158561 642 1767 120 14.725 0.446514
 0.0158876 643 1768 120 14.7333 0.442217
 0.0159216 644 1769 120 14.7417 0.437718
 0.0159581 645 1770 120 14.75 0.433013
 0.0159974 646 1771 120 14.7583 0.428093
 0.0160394 647 1772 120 14.7667 0.422953
 0.0160844 648 1773 120 14.775 0.417582
 0.0161325 649 1774 120 14.7833 0.411974
 0.0161839 650 1775 120 14.7917 0.406116
 0.0162388 651 1776 120 14.8 0.4
 0.0162973 652 1777 120 14.8083 0.393612
 0.0163599 653 1778 120 14.8167 0.38694
 0.0164266 654 1779 120 14.825 0.379967
 0.0164979 655 1780 120 14.8333 0.372678
 0.0165741 656 1781 120 14.8417 0.365053
 0.0166555 657 1782 120 14.85 0.357071
 0.0167427 658 1783 120 14.8583 0.348708
 0.0168362 659 1784 120 14.8667 0.339935
 0.0169366 660 1785 120 14.875 0.330719
 0.0170447 661 1786 120 14.8833 0.321023
 0.0171612 662 1787 120 14.8917 0.310801
 0.0172874 663 1788 120 14.9 0.3
 0.0174244 664 1789 120 14.9083 0.288555
 0.0175739 665 1790 120 14.9167 0.276385
 0.0177379 666 1791 120 14.925 0.263391
 0.017919 667 1792 120 14.9333 0.249444
 0.0181208 668 1793 120 14.9417 0.234373
 0.0183479 669 1794 120 14.95 0.217945
 0.0186076 670 1795 120 14.9583 0.199826
 0.0189105 671 1796 120 14.9667 0.179505
 0.0192749 672 1797 120 14.975 0.156125
 0.0197368 673 1798 120 14.9833 0.128019
 0.0203893 674 1799 120 14.9917 0.0909059
 0.0222222 675 1800 120 15 0
 0.0203817 675 1801 120 15.0083 0.0909059
 0.0197221 675 1802 120 15.0167 0.128019
 0.0192533 675 1803 120 15.025 0.156125
 0.0188822 675 1804 120 15.0333 0.179505
 0.0185726 675 1805 120 15.0417 0.199826
 0.0183065 675 1806 120 15.05 0.217945
 0.0180729 675 1807 120 15.0583 0.234373
 0.0178647 675 1808 120 15.0667 0.249444
 0.0176773 675 1809 120 15.075 0.263391
 0.017507 675 1810 120 15.0833 0.276385
 0.0173512 675 1811 120 15.0917 0.288555
 0.017208 675 1812 120 15.1 0.3
 0.0170756 675 1813 120 15.1083 0.310801
 0.0169528 675 1814 120 15.1167 0.321023
 0.0168386 675 1815 120 15.125 0.330719
 0.016732 675 1816 120 15.1333 0.339935
 0.0166323 675 1817 120 15.1417 0.348708
 0.0165389 675 1818 120 15.15 0.357071
 0.0164512 675 1819 120 15.1583 0.365053
 0.0163688 675 1820 120 15.1667 0.372678
 0.0162913 675 1821 120 15.175 0.379967
 0.0162183 675 1822 120 15.1833 0.38694
 0.0161495 675 1823 120 15.1917 0.393612
 0.0160847 675 1824 120 15.2 0.4
 0.0160235 675 1825 120 15.2083 0.406116
 0.0159657 675 1826 120 15.2167 0.411974
 0.0159113 675 1827 120 15.225 0.417582
 0.0158599 675 1828 120 15.2333 0.422953
 0.0158115 675 1829 120 15.2417 0.428093
 0.0157658 675 1830 120 15.25 0.433013
 0.0157228 675 1831 120 15.2583 0.437718
 0.0156823 675 1832 120 15.2667 0.442217
 0.0156442 675 1833 120 15.275 0.446514
 0.0156085 675 1834 120 15.2833 0.450617
 0.015575 675 1835 120 15.2917 0.45453
 0.0155437 675 1836 120 15.3 0.458258
 0.0155144 675 1837 120 15.3083 0.461805
 0.0154871 675 1838 120 15.3167 0.465176
 0.0154618 675 1839 120 15.325 0.468375
 0.0154383 675 1840 120 15.3333 0.471405
 0.0154167 675 1841 120 15.3417 0.474268
 0.0153969 675 1842 120 15.35 0.47697
 0.0153788 675 1843 120 15.3583 0.479511
 0.0153624 675 1844 120 15.3667 0.481894
 0.0153476 675 1845 120 15.375 0.484123
 0.0153345 675 1846 120 15.3833 0.486198
 0.015323 675 1847 120 15.3917 0.488123
 0.015313 675 1848 120 15.4 0.489898
 0.0153046 675 1849 120 15.4083 0.491525
 0.0152977 675 1850 120 15.4167 0.493007
 0.0152922 675 1851 120 15.425 0.494343
 0.0152883 675 1852 120 15.4333 0.495536
 0.0152858 675 1853 120 15.4417 0.496586
 0.0152848 675 1854 120 15.45 0.497494
 0.0152852 675 1855 120 15.4583 0.498261
 0.0152871 675 1856 120 15.4667 0.498888
 0.0152903 675 1857 120 15.475 0.499375
 0.015295 675 1858 120 15.4833 0.499722
 0.0153011 675 1859 120 15.4917 0.499931
 0.0153086 675 1860 120 15.5 0.5
 0.0153176 675 1861 120 15.5083 0.499931
 0.0153279 675 1862 120 15.5167 0.499722
 0.0153397 675 1863 120 15.525 0.499375
 0.0153529 675 1864 120 15.5333 0.498888
 0.0153676 675 1865 120 15.5417 0.498261
 0.0153837 675 1866 120 15.55 0.497494
 0.0154013 675 1867 120 15.5583 0.496586
 0.0154204 675 1868 120 15.5667 0.495536
 0.0154409 675 1869 120 15.575 0.494343
 0.015463 675 1870 120 15.5833 0.493007
 0.0154867 675 1871 120 15.5917 0.491525
 0.0155119 675 1872 120 15.6 0.489898
 0.0155387 675 1873 120 15.6083 0.488123
 0.0155671 675 1874 120 15.6167 0.486198
 0.0155741 676 1875 120 15.625 0.484123
 0.0156059 676 1876 120 15.6333 0.481894
 0.0156393 676 1877 120 15.6417 0.479511
 0.0156514 677 1878 120 15.65 0.47697
 0.0156653 678 1879 120 15.6583 0.474268
 0.015681 679 1880 120 15.6667 0.471405
 0.0156986 680 1881 120 15.675 0.468375
 0.0157181 681 1882 120 15.6833 0.465176
 0.0157397 682 1883 120 15.6917 0.461805
 0.0157632 683 1884 120 15.7 0.458258
 0.0157889 684 1885 120 15.7083 0.45453
 0.0158167 685 1886 120 15.7167 0.450617
 0.0158469 686 1887 120 15.725 0.446514
 0.0158794 687 1888 120 15.7333 0.442217
 0.0159143 688 1889 120 15.7417 0.437718
 0.0159519 689 1890 120 15.75 0.433013
 0.0159921 690 1891 120 15.7583 0.428093
 0.0160351 691 1892 120 15.7667 0.422953
 0.0160811 692 1893 120 15.775 0.417582
 0.0161302 693 1894 120 15.7833 0.411974
 0.0161826 694 1895 120 15.7917 0.406116
 0.0162384 695 1896 120 15.8 0.4
 0.016298 696 1897 120 15.8083 0.393612
 0.0163616 697 1898 120 15.8167 0.38694
 0.0164293 698 1899 120 15.825 0.379967
 0.0165016 699 1900 120 15.8333 0.372678
 0.0165788 700 1901 120 15.8417 0.365053
 0.0166613 701 1902 120 15.85 0.357071
 0.0167495 702 1903 120 15.8583 0.348708
 0.0168441 703 1904 120 15.8667 0.339935
 0.0169455 704 1905 120 15.875 0.330719
 0.0170546 705 1906 120 15.8833 0.321023
 0.0171723 706 1907 120 15.8917 0.310801
 0.0172995 707 1908 120 15.9 0.3
 0.0174377 708 1909 120 15.9083 0.288555
 0.0175883 709 1910 120 15.9167 0.276385
 0.0177535 710 1911 120 15.925 0.263391
 0.0179358 711 1912 120 15.9333 0.249444
 0.0181388 712 1913 120 15.9417 0.234373
 0.0183672 713 1914 120 15.95 0.217945
 0.0186282 714 1915 120 15.9583 0.199826
 0.0189325 715 1916 120 15.9667 0.179505
 0.0192985 716 1917 120 15.975 0.156125
 0.019762 717 1918 120 15.9833 0.128019
 0.0204165 718 1919 120 15.9917 0.0909059
 0.0222531 719 1920 120 16 0
 0.0204094 719 1921 120 16.0083 0.0909059
 0.0197482 719 1922 120 16.0167 0.128019
 0.0192781 719 1923 120 16.025 0.156125
 0.0189058 719 1924 120 16.0333 0.179505
 0.0185953 719 1925 120 16.0417 0.199826
 0.0183281 719 1926 120 16.05 0.217945
 0.0180936 719 1927 120 16.0583 0.234373
 0.0178846 719 1928 120 16.0667 0.249444
 0.0176964 719 1929 120 16.075 0.263391
 0.0175253 719 1930 120 16.0833 0.276385
 0.0173688 719 1931 120 16.0917 0.288555
 0.0172248 719 1932 120 16.1 0.3
 0.0170917 719 1933 120 16.1083 0.310801
 0.0169682 719 1934 120 16.1167 0.321023
 0.0168533 719 1935 120 16.125 0.330719
 0.016746 719 1936 120 16.1333 0.339935
 0.0166457 719 1937 120 16.1417 0.348708
 0.0165516 719 1938 120 16.15 0.357071
 0.0164633 719 1939 120 16.1583 0.365053
 0.0163803 719 1940 120 16.1667 0.372678
 0.0163022 719 1941 120 16.175 0.379967
 0.0162286 719 1942 120 16.1833 0.38694
 0.0161592 719 1943 120 16.1917 0.393612
 0.0160938 719 1944 120 16.2 0.4
 0.016032 719 1945 120 16.2083 0.406116
 0.0159737 719 1946 120 16.2167 0.411974
 0.0159187 719 1947 120 16.225 0.417582
 0.0158668 719 1948 120 16.2333 0.422953
 0.0158178 719 1949 120 16.2417 0.428093
 0.0157716 719 1950 120 16.25 0.433013
 0.015728 719 1951 120 16.2583 0.437718
 0.015687 719 1952 120 16.2667 0.442217
 0.0156484 719 1953 120 16.275 0.446514
 0.0156121 719 1954 120 16.2833 0.450617
 0.0155781 719 1955 120 16.2917 0.45453
 0.0155462 719 1956 120 16.3 0.458258
 0.0155164 719 1957 120 16.3083 0.461805
 0.0154886 719 1958 120 16.3167 0.465176
 0.0154628 719 1959 120 16.325 0.468375
 0.0154388 719 1960 120 16.3333 0.471405
 0.0154167 719 1961 120 16.3417 0.474268
 0.0153963 719 1962 120 16.35 0.47697
 0.0153777 719 1963 120 16.3583 0.479511
 0.0153608 719 1964 120 16.3667 0.481894
 0.0153456 719 1965 120 16.375 0.484123
 0.0153319 719 1966 120 16.3833 0.486198
 0.0153199 719 1967 120 16.3917 0.488123
 0.0153094 719 1968 120 16.4 0.489898
 0.0153005 719 1969 120 16.4083 0.491525
 0.0152931 719 1970 120 16.4167 0.493007
 0.0152871 719 1971 120 16.425 0.494343
 0.0152827 719 1972 120 16.4333 0.495536
 0.0152797 719 1973 120 16.4417 0.496586
 0.0152782 719 1974 120 16.45 0.497494
 0.0152781 719 1975 120 16.4583 0.498261
 0.0152795 719 1976 120 16.4667 0.498888
 0.0152822 719 1977 120 16.475 0.499375
 0.0152864 719 1978 120 16.4833 0.499722
 0.015292 719 1979 120 16.4917 0.499931
 0.015299 719 1980 120 16.5 0.5
 0.0153075 719 1981 120 16.5083 0.499931
 0.0153173 719 1982 120 16.5167 0.499722
 0.0153286 719 1983 120 16.525 0.499375
 0.0153413 719 1984 120 16.5333 0.498888
 0.0153555 719 1985 120 16.5417 0.498261
 0.0153711 719 1986 120 16.55 0.497494
 0.0153881 719 1987 120 16.5583 0.496586
 0.0154067 719 1988 120 16.5667 0.495536
 0.0154267 719 1989 120 16.575 0.494343
 0.0154483 719 1990 120 16.5833 0.493007
 0.0154714 719 1991 120 16.5917 0.491525
 0.0154961 719 1992 120 16.6 0.489898
 0.0155224 719 1993 120 16.6083 0.488123
 0.0155503 719 1994 120 16.6167 0.486198
 0.0155582 720 1995 120 16.625 0.484123
 0.0155894 720 1996 120 16.6333 0.481894
 0.0156223 720 1997 120 16.6417 0.479511
 0.0156353 721 1998 120 16.65 0.47697
 0.0156501 722 1999 120 16.6583 0.474268
 0.0156667 723 2000 120 16.6667 0.471405
 0.0156852 724 2001 120 16.675 0.468375
 0.0157056 725 2002 120 16.6833 0.465176
 0.015728 726 2003 120 16.6917 0.461805
 0.0157524 727 2004 120 16.7 0.458258
 0.015779 728 2005 120 16.7083 0.45453
 0.0158077 729 2006 120 16.7167 0.450617
 0.0158387 730 2007 120 16.725 0.446514
 0.0158721 731 2008 120 16.7333 0.442217
 0.0159079 732 2009 120 16.7417 0.437718
 0.0159463 733 2010 120 16.75 0.433013
 0.0159874 734 2011 120 16.7583 0.428093
 0.0160313 735 2012 120 16.7667 0.422953
 0.0160782 736 2013 120 16.775 0.417582
 0.0161281 737 2014 120 16.7833 0.411974
 0.0161814 738 2015 120 16.7917 0.406116
 0.0162382 739 2016 120 16.8 0.4
 0.0162986 740 2017 120 16.8083 0.393612
 0.016363 741 2018 120 16.8167 0.38694
 0.0164317 742 2019 120 16.825 0.379967
 0.0165049 743 2020 120 16.8333 0.372678
 0.016583 744 2021 120 16.8417 0.365053
 0.0166664 745 2022 120 16.85 0.357071
 0.0167555 746 2023 120 16.8583 0.348708
 0.016851 747 2024 120 16.8667 0.339935
 0.0169534 748 2025 120 16.875 0.330719
 0.0170634 749 2026 120 16.8833 0.321023
 0.017182 750 2027 120 16.8917 0.310801
 0.0173103 751 2028 120 16.9 0.3
 0.0174494 752 2029 120 16.9083 0.288555
 0.017601 753 2030 120 16.9167 0.276385
 0.0177672 754 2031 120 16.925 0.263391
 0.0179506 755 2032 120 16.9333 0.249444
 0.0181547 756 2033 120 16.9417 0.234373
 0.0183843 757 2034 120 16.95 0.217945
 0.0186464 758 2035 120 16.9583 0.199826
 0.018952 759 2036 120 16.9667 0.179505
 0.0193193 760 2037 120 16.975 0.156125
 0.0197844 761 2038 120 16.9833 0.128019
 0.0204406 762 2039 120 16.9917 0.0909059
 0.0222805 763 2040 120 17 0
 0.0204338 763 2041 120 17.0083 0.0909059
 0.0197712 763 2042 120 17.0167 0.128019
 0.0193 763 2043 120 17.025 0.156125
 0.0189267 763 2044 120 17.0333 0.179505
 0.0186153 763 2045 120 17.0417 0.199826
 0.0183473 763 2046 120 17.05 0.217945
 0.018112 763 2047 120 17.0583 0.234373
 0.0179022 763 2048 120 17.0667 0.249444
 0.0177133 763 2049 120 17.075 0.263391
 0.0175415 763 2050 120 17.0833 0.276385
 0.0173843 763 2051 120 17.0917 0.288555
 0.0172396 763 2052 120 17.1 0.3
 0.0171059 763 2053 120 17.1083 0.310801
 0.0169818 763 2054 120 17.1167 0.321023
 0.0168663 763 2055 120 17.125 0.330719
 0.0167584 763 2056 120 17.1333 0.339935
 0.0166575 763 2057 120 17.1417 0.348708
 0.0165629 763 2058 120 17.15 0.357071
 0.0164741 763 2059 120 17.1583 0.365053
 0.0163905 763 2060 120 17.1667 0.372678
 0.0163119 763 2061 120 17.175 0.379967
 0.0162377 763 2062 120 17.1833 0.38694
 0.0161678 763 2063 120 17.1917 0.393612
 0.0161019 763 2064 120 17.2 0.4
 0.0160396 763 2065 120 17.2083 0.406116
 0.0159808 763 2066 120 17.2167 0.411974
 0.0159253 763 2067 120 17.225 0.417582
 0.0158728 763 2068 120 17.2333 0.422953
 0.0158233 763 2069 120 17.2417 0.428093
 0.0157766 763 2070 120 17.25 0.433013
 0.0157326 763 2071 120 17.2583 0.437718
 0.0156911 763 2072 120 17.2667 0.442217
 0.015652 763 2073 120 17.275 0.446514
 0.0156153 763 2074 120 17.2833 0.450617
 0.0155808 763 2075 120 17.2917 0.45453
 0.0155485 763 2076 120 17.3 0.458258
 0.0155182 763 2077 120 17.3083 0.461805
 0.0154899 763 2078 120 17.3167 0.465176
 0.0154636 763 2079 120 17.325 0.468375
 0.0154392 763 2080 120 17.3333 0.471405
 0.0154166 763 2081 120 17.3417 0.474268
 0.0153958 763 2082 120 17.35 0.47697
 0.0153768 763 2083 120 17.3583 0.479511
 0.0153594 763 2084 120 17.3667 0.481894
 0.0153437 763 2085 120 17.375 0.484123
 0.0153296 763 2086 120 17.3833 0.486198
 0.0153171 763 2087 120 17.3917 0.488123
 0.0153062 763 2088 120 17.4 0.489898
 0.0152968 763 2089 120 17.4083 0.491525
 0.015289 763 2090 120 17.4167 0.493007
 0.0152826 763 2091 120 17.425 0.494343
 0.0152777 763 2092 120 17.4333 0.495536
 0.0152743 763 2093 120 17.4417 0.496586
 0.0152724 763 2094 120 17.45 0.497494
 0.0152718 763 2095 120 17.4583 0.498261
 0.0152727 763 2096 120 17.4667 0.498888
 0.015275 763 2097 120 17.475 0.499375
 0.0152788 763 2098 120 17.4833 0.499722
 0.0152839 763 2099 120 17.4917 0.499931
 0.0152905 763 2100 120 17.5 0.5
 0.0152985 763 2101 120 17.5083 0.499931
 0.0153079 763 2102 120 17.5167 0.499722
 0.0153188 763 2103 120 17.525 0.499375
 0.015331 763 2104 120 17.5333 0.498888
 0.0153447 763 2105 120 17.5417 0.498261
 0.0153599 763 2106 120 17.55 0.497494
 0.0153765 763 2107 120 17.5583 0.496586
 0.0153946 763 2108 120 17.5667 0.495536
 0.0154142 763 2109 120 17.575 0.494343
 0.0154353 763 2110 120 17.5833 0.493007
 0.0154579 763 2111 120 17.5917 0.491525
 0.0154822 763 2112 120 17.6 0.489898
 0.015508 763 2113 120 17.6083 0.488123
 0.0155354 763 2114 120 17.6167 0.486198
 0.0155441 764 2115 120 17.625 0.484123
 0.0155748 764 2116 120 17.6333 0.481894
 0.0156073 764 2117 120 17.6417 0.479511
 0.0156211 765 2118 120 17.65 0.47697
 0.0156367 766 2119 120 17.6583 0.474268
 0.0156541 767 2120 120 17.6667 0.471405
 0.0156733 768 2121 120 17.675 0.468375
 0.0156945 769 2122 120 17.6833 0.465176
 0.0157177 770 2123 120 17.6917 0.461805
 0.0157429 771 2124 120 17.7 0.458258
 0.0157702 772 2125 120 17.7083 0.45453
 0.0157997 773 2126 120 17.7167 0.450617
 0.0158315 774 2127 120 17.725 0.446514
 0.0158657 775 2128 120 17.7333 0.442217
 0.0159023 776 2129 120 17.7417 0.437718
 0.0159414 777 2130 120 17.75 0.433013
 0.0159833 778 2131 120 17.7583 0.428093
 0.016028 779 2132 120 17.7667 0.422953
 0.0160756 780 2133 120 17.775 0.417582
 0.0161263 781 2134 120 17.7833 0.411974
 0.0161804 782 2135 120 17.7917 0.406116
 0.0162379 783 2136 120 17.8 0.4
 0.0162992 784 2137 120 17.8083 0.393612
 0.0163644 785 2138 120 17.8167 0.38694
 0.0164338 786 2139 120 17.825 0.379967
 0.0165078 787 2140 120 17.8333 0.372678
 0.0165867 788 2141 120 17.8417 0.365053
 0.0166709 789 2142 120 17.85 0.357071
 0.0167608 790 2143 120 17.8583 0.348708
 0.0168571 791 2144 120 17.8667 0.339935
 0.0169603 792 2145 120 17.875 0.330719
 0.0170712 793 2146 120 17.8833 0.321023
 0.0171907 794 2147 120 17.8917 0.310801
 0.0173198 795 2148 120 17.9 0.3
 0.0174598 796 2149 120 17.9083 0.288555
 0.0176123 797 2150 120 17.9167 0.276385
 0.0177795 798 2151 120 17.925 0.263391
 0.0179638 799 2152 120 17.9333 0.249444
 0.0181688 800 2153 120 17.9417 0.234373
 0.0183994 801 2154 120 17.95 0.217945
 0.0186626 802 2155 120 17.9583 0.199826
 0.0189693 803 2156 120 17.9667 0.179505
 0.0193378 804 2157 120 17.975 0.156125
 0.0198042 805 2158 120 17.9833 0.128019
 0.020462 806 2159 120 17.9917 0.0909059
 0.0223048 807 2160 120 18 0
 0.0204556 807 2161 120 18.0083 0.0909059
 0.0197918 807 2162 120 18.0167 0.128019
 0.0193195 807 2163 120 18.025 0.156125
 0.0189453 807 2164 120 18.0333 0.179505
 0.0186331 807 2165 120 18.0417 0.199826
 0.0183644 807 2166 120 18.05 0.217945
 0.0181283 807 2167 120 18.0583 0.234373
 0.0179179 807 2168 120 18.0667 0.249444
 0.0177283 807 2169 120 18.075 0.263391
 0.0175559 807 2170 120 18.0833 0.276385
 0.0173981 807 2171 120 18.0917 0.288555
 0.0172529 807 2172 120 18.1 0.3
 0.0171186 807 2173 120 18.1083 0.310801
 0.016994 807 2174 120 18.1167 0.321023
 0.0168779 807 2175 120 18.125 0.330719
 0.0167695 807 2176 120 18.1333 0.339935
 0.0166681 807 2177 120 18.1417 0.348708
 0.016573 807 2178 120 18.15 0.357071
 0.0164836 807 2179 120 18.1583 0.365053
 0.0163996 807 2180 120 18.1667 0.372678
 0.0163205 807 2181 120 18.175 0.379967
 0.0162458 807 2182 120 18.1833 0.38694
 0.0161755 807 2183 120 18.1917 0.393612
 0.016109 807 2184 120 18.2 0.4
 0.0160463 807 2185 120 18.2083 0.406116
 0.0159871 807 2186 120 18.2167 0.411974
 0.0159311 807 2187 120 18.225 0.417582
 0.0158782 807 2188 120 18.2333 0.422953
 0.0158283 807 2189 120 18.2417 0.428093
 0.0157812 807 2190 120 18.25 0.433013
 0.0157367 807 2191 120 18.2583 0.437718
 0.0156948 807 2192 120 18.2667 0.442217
 0.0156553 807 2193 120 18.275 0.446514
 0.0156181 807 2194 120 18.2833 0.450617
 0.0155832 807 2195 120 18.2917 0.45453
 0.0155505 807 2196 120 18.3 0.458258
 0.0155198 807 2197 120 18.3083 0.461805
 0.0154911 807 2198 120 18.3167 0.465176
 0.0154644 807 2199 120 18.325 0.468375
 0.0154396 807 2200 120 18.3333 0.471405
 0.0154166 807 2201 120 18.3417 0.474268
 0.0153954 807 2202 120 18.35 0.47697
 0.0153759 807 2203 120 18.3583 0.479511
 0.0153582 807 2204 120 18.3667 0.481894
 0.0153421 807 2205 120 18.375 0.484123
 0.0153276 807 2206 120 18.3833 0.486198
 0.0153147 807 2207 120 18.3917 0.488123
 0.0153034 807 2208 120 18.4 0.489898
 0.0152936 807 2209 120 18.4083 0.491525
 0.0152854 807 2210 120 18.4167 0.493007
 0.0152786 807 2211 120 18.425 0.494343
 0.0152733 807 2212 120 18.4333 0.495536
 0.0152695 807 2213 120 18.4417 0.496586
 0.0152671 807 2214 120 18.45 0.497494
 0.0152662 807 2215 120 18.4583 0.498261
 0.0152667 807 2216 120 18.4667 0.498888
 0.0152687 807 2217 120 18.475 0.499375
 0.015272 807 2218 120 18.4833 0.499722
 0.0152768 807 2219 120 18.4917 0.499931
 0.0152829 807 2220 120 18.5 0.5
 0.0152905 807 2221 120 18.5083 0.499931
 0.0152995 807 2222 120 18.5167 0.499722
 0.01531 807 2223 120 18.525 0.499375
 0.0153218 807 2224 120 18.5333 0.498888
 0.0153351 807 2225 120 18.5417 0.498261
 0.0153499 807 2226 120 18.55 0.497494
 0.0153661 807 2227 120 18.5583 0.496586
 0.0153838 807 2228 120 18.5667 0.495536
 0.015403 807 2229 120 18.575 0.494343
 0.0154237 807 2230 120 18.5833 0.493007
 0.0154459 807 2231 120 18.5917 0.491525
 0.0154697 807 2232 120 18.6 0.489898
 0.0154951 807 2233 120 18.6083 0.488123
 0.0155221 807 2234 120 18.6167 0.486198
 0.0155316 808 2235 120 18.625 0.484123
 0.0155619 808 2236 120 18.6333 0.481894
 0.0155939 808 2237 120 18.6417 0.479511
 0.0156084 809 2238 120 18.65 0.47697
 0.0156247 810 2239 120 18.6583 0.474268
 0.0156428 811 2240 120 18.6667 0.471405
 0.0156627 812 2241 120 18.675 0.468375
 0.0156846 813 2242 120 18.6833 0.465176
 0.0157085 814 2243 120 18.6917 0.461805
 0.0157344 815 2244 120 18.7 0.458258
 0.0157624 816 2245 120 18.7083 0.45453
 0.0157926 817 2246 120 18.7167 0.450617
 0.0158251 818 2247 120 18.725 0.446514
 0.0158599 819 2248 120 18.7333 0.442217
 0.0158972 820 2249 120 18.7417 0.437718
 0.0159371 821 2250 120 18.75 0.433013
 0.0159796 822 2251 120 18.7583 0.428093
 0.016025 823 2252 120 18.7667 0.422953
 0.0160733 824 2253 120 18.775 0.417582
 0.0161247 825 2254 120 18.7833 0.411974
 0.0161795 826 2255 120 18.7917 0.406116
 0.0162377 827 2256 120 18.8 0.4
 0.0162996 828 2257 120 18.8083 0.393612
 0.0163656 829 2258 120 18.8167 0.38694
 0.0164357 830 2259 120 18.825 0.379967
 0.0165104 831 2260 120 18.8333 0.372678
 0.01659 832 2261 120 18.8417 0.365053
 0.0166749 833 2262 120 18.85 0.357071
 0.0167656 834 2263 120 18.8583 0.348708
 0.0168626 835 2264 120 18.8667 0.339935
 0.0169666 836 2265 120 18.875 0.330719
 0.0170782 837 2266 120 18.8833 0.321023
 0.0171985 838 2267 120 18.8917 0.310801
 0.0173283 839 2268 120 18.9 0.3
 0.0174691 840 2269 120 18.9083 0.288555
 0.0176225 841 2270 120 18.9167 0.276385
 0.0177904 842 2271 120 18.925 0.263391
 0.0179756 843 2272 120 18.9333 0.249444
 0.0181815 844 2273 120 18.9417 0.234373
 0.018413 845 2274 120 18.95 0.217945
 0.0186772 846 2275 120 18.9583 0.199826
 0.0189849 847 2276 120 18.9667 0.179505
 0.0193545 848 2277 120 18.975 0.156125
 0.019822 849 2278 120 18.9833 0.128019
 0.0204813 850 2279 120 18.9917 0.0909059
 0.0223267 851 2280 120 19 0
 0.0204752 851 2281 120 19.0083 0.0909059
 0.0198102 851 2282 120 19.0167 0.128019
 0.0193371 851 2283 120 19.025 0.156125
 0.0189621 851 2284 120 19.0333 0.179505
 0.0186491 851 2285 120 19.0417 0.199826
 0.0183797 851 2286 120 19.05 0.217945
 0.018143 851 2287 120 19.0583 0.234373
 0.017932 851 2288 120 19.0667 0.249444
 0.0177418 851 2289 120 19.075 0.263391
 0.0175688 851 2290 120 19.0833 0.276385
 0.0174105 851 2291 120 19.0917 0.288555
 0.0172648 851 2292 120 19.1 0.3
 0.01713 851 2293 120 19.1083 0.310801
 0.0170048 851 2294 120 19.1167 0.321023
 0.0168883 851 2295 120 19.125 0.330719
 0.0167794 851 2296 120 19.1333 0.339935
 0.0166776 851 2297 120 19.1417 0.348708
 0.016582 851 2298 120 19.15 0.357071
 0.0164922 851 2299 120 19.1583 0.365053
 0.0164077 851 2300 120 19.1667 0.372678
 0.0163282 851 2301 120 19.175 0.379967
 0.0162531 851 2302 120 19.1833 0.38694
 0.0161823 851 2303 120 19.1917 0.393612
 0.0161155 851 2304 120 19.2 0.4
 0.0160524 851 2305 120 19.2083 0.406116
 0.0159927 851 2306 120 19.2167 0.411974
 0.0159363 851 2307 120 19.225 0.417582
 0.0158831 851 2308 120 19.2333 0.422953
 0.0158328 851 2309 120 19.2417 0.428093
 0.0157852 851 2310 120 19.25 0.433013
 0.0157404 851 2311 120 19.2583 0.437718
 0.0156981 851 2312 120 19.2667 0.442217
 0.0156582 851 2313 120 19.275 0.446514
 0.0156207 851 2314 120 19.2833 0.450617
 0.0155854 851 2315 120 19.2917 0.45453
 0.0155523 851 2316 120 19.3 0.458258
 0.0155212 851 2317 120 19.3083 0.461805
 0.0154922 851 2318 120 19.3167 0.465176
 0.0154651 851 2319 120 19.325 0.468375
 0.0154399 851 2320 120 19.3333 0.471405
 0.0154166 851 2321 120 19.3417 0.474268
 0.015395 851 2322 120 19.35 0.47697
 0.0153752 851 2323 120 19.3583 0.479511
 0.0153571 851 2324 120 19.3667 0.481894
 0.0153406 851 2325 120 19.375 0.484123
 0.0153258 851 2326 120 19.3833 0.486198
 0.0153125 851 2327 120 19.3917 0.488123
 0.0153009 851 2328 120 19.4 0.489898
 0.0152907 851 2329 120 19.4083 0.491525
 0.0152821 851 2330 120 19.4167 0.493007
 0.015275 851 2331 120 19.425 0.494343
 0.0152694 851 2332 120 19.4333 0.495536
 0.0152652 851 2333 120 19.4417 0.496586
 0.0152625 851 2334 120 19.45 0.497494
 0.0152612 851 2335 120 19.4583 0.498261
 0.0152613 851 2336 120 19.4667 0.498888
 0.0152629 851 2337 120 19.475 0.499375
 0.0152659 851 2338 120 19.4833 0.499722
 0.0152703 851 2339 120 19.4917 0.499931
 0.0152761 851 2340 120 19.5 0.5
 0.0152834 851 2341 120 19.5083 0.499931
 0.015292 851 2342 120 19.5167 0.499722
 0.0153021 851 2343 120 19.525 0.499375
 0.0153136 851 2344 120 19.5333 0.498888
 0.0153266 851 2345 120 19.5417 0.498261
 0.0153409 851 2346 120 19.55 0.497494
 0.0153568 851 2347 120 19.5583 0.496586
 0.0153741 851 2348 120 19.5667 0.495536
 0.015393 851 2349 120 19.575 0.494343
 0.0154133 851 2350 120 19.5833 0.493007
 0.0154352 851 2351 120 19.5917 0.491525
 0.0154586 851 2352 120 19.6 0.489898
 0.0154836 851 2353 120 19.6083 0.488123
 0.0155103 851 2354 120 19.6167 0.486198
 0.0155203 852 2355 120 19.625 0.484123
 0.0155502 852 2356 120 19.6333 0.481894
 0.0155819 852 2357 120 19.6417 0.479511
 0.015597 853 2358 120 19.65 0.47697
 0.0156139 854 2359 120 19.6583 0.474268
 0.0156326 855 2360 120 19.6667 0.471405
 0.0156532 856 2361 120 19.675 0.468375
 0.0156757 857 2362 120 19.6833 0.465176
 0.0157002 858 2363 120 19.6917 0.461805
 0.0157267 859 2364 120 19.7 0.458258
 0.0157554 860 2365 120 19.7083 0.45453
 0.0157862 861 2366 120 19.7167 0.450617
 0.0158193 862 2367 120 19.725 0.446514
 0.0158547 863 2368 120 19.7333 0.442217
 0.0158926 864 2369 120 19.7417 0.437718
 0.0159331 865 2370 120 19.75 0.433013
 0.0159763 866 2371 120 19.7583 0.428093
 0.0160223 867 2372 120 19.7667 0.422953
 0.0160712 868 2373 120 19.775 0.417582
 0.0161233 869 2374 120 19.7833 0.411974
 0.0161786 870 2375 120 19.7917 0.406116
 0.0162375 871 2376 120 19.8 0.4
 0.0163001 872 2377 120 19.8083 0.393612
 0.0163666 873 2378 120 19.8167 0.38694
 0.0164374 874 2379 120 19.825 0.379967
 0.0165127 875 2380 120 19.8333 0.372678
 0.016593 876 2381 120 19.8417 0.365053
 0.0166785 877 2382 120 19.85 0.357071
 0.0167699 878 2383 120 19.8583 0.348708
 0.0168676 879 2384 120 19.8667 0.339935
 0.0169722 880 2385 120 19.875 0.330719
 0.0170845 881 2386 120 19.8833 0.321023
 0.0172054 882 2387 120 19.8917 0.310801
 0.017336 883 2388 120 19.9 0.3
 0.0174775 884 2389 120 19.9083 0.288555
 0.0176316 885 2390 120 19.9167 0.276385
 0.0178003 886 2391 120 19.925 0.263391
 0.0179862 887 2392 120 19.9333 0.249444
 0.0181929 888 2393 120 19.9417 0.234373
 0.0184253 889 2394 120 19.95 0.217945
 0.0186903 890 2395 120 19.9583 0.199826
 0.0189989 891 2396 120 19.9667 0.179505
 0.0193694 892 2397 120 19.975 0.156125
 0.0198381 893 2398 120 19.9833 0.128019
 0.0204986 894 2399 120 19.9917 0.0909059
 0.0223464 895 2400 120 20 0
20 895 2400
