 0.916669 1 1 120 0.00833333 0.0909059
 1.77302 1 2 120 0.0166667 0.128019
 2.59488 1 3 120 0.025 0.156125
 3.39125 1 4 120 0.0333333 0.179505
 2.08363 2 5 120 0.0416667 0.199826
 2.46317 2 6 120 0.05 0.217945
 2.83545 2 7 120 0.0583333 0.234373
 3.20142 2 8 120 0.0666667 0.249444
 2.37456 3 9 120 0.075 0.263391
 2.61154 3 10 120 0.0833333 0.276385
 2.84557 3 11 120 0.0916667 0.288555
 3.07692 3 12 120 0.1 0.3
 3.30587 3 13 120 0.108333 0.310801
 2.64946 4 14 120 0.116667 0.321023
 2.81803 4 15 120 0.125 0.330719
 2.98522 4 16 120 0.133333 0.339935
 3.15116 4 17 120 0.141667 0.348708
 3.31596 4 18 120 0.15 0.357071
 3.47972 4 19 120 0.158333 0.365053
 3.64251 4 20 120 0.166667 0.372678
 3.74652 4 21 120 0.175 0.4013
 3.1252 5 22 120 0.183333 0.407908
 3.25262 5 23 120 0.191667 0.414243
 3.37953 5 24 120 0.2 0.420317
 3.50596 5 25 120 0.208333 0.426142
 3.58468 5 26 120 0.216667 0.450617
 3.09119 6 27 120 0.225 0.45575
 3.19487 6 28 120 0.233333 0.460676
 3.2983 6 29 120 0.241667 0.4654
 3.40152 6 30 120 0.25 0.469929
 3.50456 6 31 120 0.258333 0.474268
 3.0921 7 32 120 0.266667 0.478423
 3.18017 7 33 120 0.275 0.482399
 3.26817 7 34 120 0.283333 0.486198
 3.35609 7 35 120 0.291667 0.489827
 3.01348 8 36 120 0.3 0.493288
 3.09037 8 37 120 0.308333 0.496586
 3.16725 8 38 120 0.316667 0.499722
 2.8837 9 39 120 0.325 0.502701
 2.95209 9 40 120 0.333333 0.505525
 3.02053 9 41 120 0.341667 0.508197
 3.08904 9 42 120 0.35 0.510718
 3.15762 9 43 120 0.358333 0.513092
 3.16084 9 44 120 0.366667 0.546707
 2.90571 10 45 120 0.375 0.548673
 2.96678 10 46 120 0.383333 0.550505
 3.02795 10 47 120 0.391667 0.552205
 3.08925 10 48 120 0.4 0.553775
 3.15069 10 49 120 0.408333 0.555215
 3.18207 10 50 120 0.416667 0.571305
 3.18577 10 51 120 0.425 0.600867
 2.95114 11 52 120 0.433333 0.601849
 3.00626 11 53 120 0.441667 0.602714
 3.06156 11 54 120 0.45 0.603462
 3.11702 11 55 120 0.458333 0.604095
 3.17267 11 56 120 0.466667 0.604612
 2.95948 12 57 120 0.475 0.605014
 3.01086 12 58 120 0.483333 0.605301
 3.06244 12 59 120 0.491667 0.605473
 3.11424 12 60 120 0.5 0.60553
 3.13964 12 61 120 0.508333 0.619083
 2.94594 13 62 120 0.516667 0.618915
 2.99398 13 63 120 0.525 0.618634
 3.04224 13 64 120 0.533333 0.618241
 3.09074 13 65 120 0.541667 0.617736
 3.13949 13 66 120 0.55 0.617117
 3.13713 13 67 120 0.558333 0.642856
 3.1138 13 68 120 0.566667 0.679869
 2.93542 14 69 120 0.575 0.679
 2.97969 14 70 120 0.583333 0.678028
 3.02419 14 71 120 0.591667 0.676952
 3.06895 14 72 120 0.6 0.675771
 3.09136 14 73 120 0.608333 0.686729
 2.92716 15 74 120 0.616667 0.685363
 2.96931 15 75 120 0.625 0.683892
 3.01172 15 76 120 0.633333 0.682316
 2.8635 16 77 120 0.641667 0.680635
 2.90378 16 78 120 0.65 0.678847
 2.77113 17 79 120 0.658333 0.676952
 2.80957 17 80 120 0.666667 0.674949
 2.84828 17 81 120 0.675 0.672836
 2.86616 17 82 120 0.683333 0.682927
 2.74367 18 83 120 0.691667 0.680635
 2.7807 18 84 120 0.7 0.678233
 2.79762 18 85 120 0.708333 0.687942
 2.81474 18 86 120 0.716667 0.697416
 2.70181 19 87 120 0.725 0.694772
 2.73731 19 88 120 0.733333 0.692018
 2.77311 19 89 120 0.741667 0.689152
 2.80923 19 90 120 0.75 0.686173
 2.82536 19 91 120 0.758333 0.695172
 2.84168 19 92 120 0.766667 0.703957
 2.7341 20 93 120 0.775 0.700744
 2.76891 20 94 120 0.783333 0.697416
 2.78449 20 95 120 0.791667 0.705878
 2.68532 21 96 120 0.8 0.702377
 2.71907 21 97 120 0.808333 0.698759
 2.73398 21 98 120 0.816667 0.70691
 2.64221 22 99 120 0.825 0.703118
 2.67505 22 100 120 0.833333 0.699206
 2.68937 22 101 120 0.841667 0.707058
 2.68574 22 102 120 0.85 0.726292
 2.60029 23 103 120 0.858333 0.722217
 2.63194 23 104 120 0.866667 0.718022
 2.64606 23 105 120 0.875 0.725287
 2.62634 23 106 120 0.883333 0.754799
 2.54688 24 107 120 0.891667 0.750509
 2.57717 24 108 120 0.9 0.746101
 2.5912 24 109 120 0.908333 0.752727
 2.60535 24 110 120 0.916667 0.759203
 2.6196 24 111 120 0.925 0.765534
 2.54423 25 112 120 0.933333 0.760847
 2.57397 25 113 120 0.941667 0.75604
 2.58779 25 114 120 0.95 0.762124
 2.5172 26 115 120 0.958333 0.757142
 2.5306 26 116 120 0.966667 0.763035
 2.54411 26 117 120 0.975 0.768792
 2.55772 26 118 120 0.983333 0.774417
 2.57143 26 119 120 0.991667 0.779913
 2.55526 26 120 120 1 0.806226
 2.52709 26 121 120 1.00833 0.841584
 2.4604 27 122 120 1.01667 0.836494
 2.48762 27 123 120 1.025 0.831289
 2.50142 27 124 120 1.03333 0.835996
 2.51529 27 125 120 1.04167 0.840593
 2.4521 28 126 120 1.05 0.835165
 2.4656 28 127 120 1.05833 0.839601
 2.47917 28 128 120 1.06667 0.843933
 2.49283 28 129 120 1.075 0.84816
 2.45584 28 130 120 1.08333 0.890537
 2.39639 29 131 120 1.09167 0.885022
 2.42191 29 132 120 1.1 0.879394
 2.43541 29 133 120 1.10833 0.883137
 2.44897 29 134 120 1.11667 0.886786
 2.39243 30 135 120 1.125 0.880932
 2.40567 30 136 120 1.13333 0.884433
 2.41899 30 137 120 1.14167 0.887842
 2.36567 31 138 120 1.15 0.88176
 2.37868 31 139 120 1.15833 0.885022
 2.39177 31 140 120 1.16667 0.888194
 2.40493 31 141 120 1.175 0.891277
 2.35423 32 142 120 1.18333 0.884904
 2.36712 32 143 120 1.19167 0.887842
 2.38008 32 144 120 1.2 0.890693
 2.39311 32 145 120 1.20833 0.893456
 2.40621 32 146 120 1.21667 0.896134
 2.35764 33 147 120 1.225 0.889405
 2.3705 33 148 120 1.23333 0.891939
 2.36045 33 149 120 1.24167 0.912833
 2.31467 34 150 120 1.25 0.905999
 2.32735 34 151 120 1.25833 0.908257
 2.34009 34 152 120 1.26667 0.910433
 2.34178 34 153 120 1.275 0.921615
 2.2982 35 154 120 1.28333 0.914543
 2.31079 35 155 120 1.29167 0.916477
 2.31256 35 156 120 1.3 0.927362
 2.27129 36 157 120 1.30833 0.920107
 2.28373 36 158 120 1.31667 0.921804
 2.29625 36 159 120 1.325 0.923422
 2.25706 37 160 120 1.33333 0.915909
 2.26942 37 161 120 1.34167 0.917386
 2.28185 37 162 120 1.35 0.918785
 2.28363 37 163 120 1.35833 0.92912
 2.24623 38 164 120 1.36667 0.921352
 2.25855 38 165 120 1.375 0.922519
 2.2604 38 166 120 1.38333 0.932589
 2.22488 39 167 120 1.39167 0.924625
 2.24767 39 168 120 1.4 0.916515
 2.21406 40 169 120 1.40833 0.908257
 2.21564 40 170 120 1.41667 0.918181
 2.18388 41 171 120 1.425 0.909785
 2.1959 41 172 120 1.43333 0.910433
 2.19754 41 173 120 1.44167 0.920107
 2.16733 42 174 120 1.45 0.911501
 2.169 42 175 120 1.45833 0.921012
 2.14041 43 176 120 1.46667 0.912262
 2.15227 43 177 120 1.475 0.912529
 2.15398 43 178 120 1.48333 0.921804
 2.12678 44 179 120 1.49167 0.912833
 2.12852 44 180 120 1.5 0.921954
 2.10276 45 181 120 1.50833 0.912833
 2.1045 45 182 120 1.51667 0.921804
 2.08011 46 183 120 1.525 0.912529
 2.09176 46 184 120 1.53333 0.912262
 2.06869 47 185 120 1.54167 0.902735
 2.07034 47 186 120 1.55 0.911501
 2.04849 48 187 120 1.55833 0.901811
 2.02794 49 188 120 1.56667 0.891939
 2.03944 49 189 120 1.575 0.891277
 2.02006 50 190 120 1.58333 0.881129
 2.00189 51 191 120 1.59167 0.870783
 1.98486 52 192 120 1.6 0.860233
 1.96602 52 193 120 1.60833 0.887842
 1.94001 53 194 120 1.61667 0.886786
 1.95118 53 195 120 1.625 0.885649
 1.96245 53 196 120 1.63333 0.884433
 1.97382 53 197 120 1.64167 0.883137
 1.9853 53 198 120 1.65 0.88176
 1.98692 53 199 120 1.65833 0.889717
 1.98869 53 200 120 1.66667 0.897527
 1.97172 53 201 120 1.675 0.923422
 1.94647 54 202 120 1.68333 0.921804
 1.95784 54 203 120 1.69167 0.920107
 1.9693 54 204 120 1.7 0.918332
 1.98087 54 205 120 1.70833 0.916477
 1.99255 54 206 120 1.71667 0.914543
 1.99485 54 207 120 1.725 0.921615
 1.99727 54 208 120 1.73333 0.928559
 1.9998 54 209 120 1.74167 0.935377
 2.00244 54 210 120 1.75 0.942072
 1.97769 55 211 120 1.75833 0.939821
 1.98945 55 212 120 1.76667 0.937491
 1.99219 55 213 120 1.775 0.94395
 1.99504 55 214 120 1.78333 0.950292
 1.97112 56 215 120 1.79167 0.947768
 1.98294 56 216 120 1.8 0.945163
 1.98588 56 217 120 1.80833 0.951278
 1.96279 57 218 120 1.81667 0.948537
 1.97465 57 219 120 1.825 0.945714
 1.98663 57 220 120 1.83333 0.942809
 1.98968 57 221 120 1.84167 0.948647
 1.99283 57 222 120 1.85 0.954376
 1.97041 58 223 120 1.85833 0.951278
 1.98248 58 224 120 1.86667 0.948098
 1.98571 58 225 120 1.875 0.953612
 1.96407 59 226 120 1.88333 0.950292
 1.97621 59 227 120 1.89167 0.946888
 1.97952 59 228 120 1.9 0.95219
 1.98292 59 229 120 1.90833 0.957391
 1.98641 59 230 120 1.91667 0.962491
 1.96545 60 231 120 1.925 0.95884
 1.97773 60 232 120 1.93333 0.955103
 1.98129 60 233 120 1.94167 0.959999
 1.96106 61 234 120 1.95 0.956121
 1.97344 61 235 120 1.95833 0.952154
 1.98596 61 236 120 1.96667 0.948098
 1.9664 62 237 120 1.975 0.94395
 1.97901 62 238 120 1.98333 0.93971
 1.98269 62 239 120 1.99167 0.944244
 1.98645 62 240 120 2 0.948683
 1.99029 62 241 120 2.00833 0.953029
 1.99421 62 242 120 2.01667 0.957282
 1.9982 62 243 120 2.025 0.961444
 1.99355 62 244 120 2.03333 0.974109
 1.97456 63 245 120 2.04167 0.9695
 1.98736 63 246 120 2.05 0.964797
 1.98292 63 247 120 2.05833 0.977205
 1.96461 64 248 120 2.06667 0.972397
 1.97745 64 249 120 2.075 0.967492
 1.98175 64 250 120 2.08333 0.97111
 1.97759 64 251 120 2.09167 0.983157
 1.95993 65 252 120 2.1 0.978093
 1.97285 65 253 120 2.10833 0.972932
 1.97733 65 254 120 2.11667 0.976246
 1.97343 65 255 120 2.125 0.987948
 1.96978 65 256 120 2.13333 0.999444
 1.95272 66 257 120 2.14167 0.994115
 1.96567 66 258 120 2.15 0.988686
 1.9704 66 259 120 2.15833 0.991597
 1.95396 67 260 120 2.16667 0.986013
 1.95874 67 261 120 2.175 0.988791
 1.96358 67 262 120 2.18333 0.991492
 1.94775 68 263 120 2.19167 0.985696
 1.95263 68 264 120 2.2 0.988264
 1.95758 68 265 120 2.20833 0.990756
 1.96258 68 266 120 2.21667 0.993171
 1.95947 68 267 120 2.225 1.00385
 1.95656 68 268 120 2.23333 1.01434
 1.94125 69 269 120 2.24167 1.00826
 1.94644 69 270 120 2.25 1.01036
 1.95168 69 271 120 2.25833 1.01239
 1.94906 69 272 120 2.26667 1.02252
 1.94663 69 273 120 2.275 1.03249
 1.93185 70 274 120 2.28333 1.02618
 1.93725 70 275 120 2.29167 1.02791
 1.93503 70 276 120 2.3 1.03763
 1.92079 71 277 120 2.30833 1.03115
 1.92629 71 278 120 2.31667 1.03266
 1.93185 71 279 120 2.325 1.03411
 1.92986 71 280 120 2.33333 1.0435
 1.92803 71 281 120 2.34167 1.05274
 1.92635 71 282 120 2.35 1.06184
 1.91257 72 283 120 2.35833 1.05511
 1.91832 72 284 120 2.36667 1.0562
 1.9168 72 285 120 2.375 1.06507
 1.90354 73 286 120 2.38333 1.05817
 1.91673 73 287 120 2.39167 1.05116
 1.91527 73 288 120 2.4 1.05987
 1.90253 74 289 120 2.40833 1.05274
 1.90847 74 290 120 2.41667 1.05343
 1.90716 74 291 120 2.425 1.06194
 1.90597 74 292 120 2.43333 1.07031
 1.90492 74 293 120 2.44167 1.07855
 1.89261 75 294 120 2.45 1.07121
 1.89164 75 295 120 2.45833 1.07932
 1.8908 75 296 120 2.46667 1.0873
 1.88325 75 297 120 2.475 1.10274
 1.87134 76 298 120 2.48333 1.09532
 1.87753 76 299 120 2.49167 1.09541
 1.86612 77 300 120 2.5 1.08781
 1.87237 77 301 120 2.50833 1.08778
 1.87183 77 302 120 2.51667 1.09532
 1.86087 78 303 120 2.525 1.08752
 1.86721 78 304 120 2.53333 1.0873
 1.85674 79 305 120 2.54167 1.07932
 1.86315 79 306 120 2.55 1.07897
 1.86271 79 307 120 2.55833 1.08625
 1.85269 80 308 120 2.56667 1.07806
 1.85232 80 309 120 2.575 1.08522
 1.84535 80 310 120 2.58333 1.09987
 1.83568 81 311 120 2.59167 1.0916
 1.84222 81 312 120 2.6 1.09087
 1.8355 81 313 120 2.60833 1.10526
 1.82621 82 314 120 2.61667 1.09684
 1.82623 82 315 120 2.625 1.1035
 1.82633 82 316 120 2.63333 1.11006
 1.81742 83 317 120 2.64167 1.10148
 1.81758 83 318 120 2.65 1.10793
 1.80907 84 319 120 2.65833 1.09921
 1.81581 84 320 120 2.66667 1.09798
 1.80774 85 321 120 2.675 1.08906
 1.81456 85 322 120 2.68333 1.08768
 1.80694 86 323 120 2.69167 1.07855
 1.80054 86 324 120 2.7 1.0924
 1.79324 87 325 120 2.70833 1.08317
 1.80017 87 326 120 2.71667 1.08154
 1.79332 88 327 120 2.725 1.07209
 1.79363 88 328 120 2.73333 1.07806
 1.78714 89 329 120 2.74167 1.06846
 1.78751 89 330 120 2.75 1.07432
 1.7814 90 331 120 2.75833 1.06455
 1.78181 90 332 120 2.76667 1.07031
 1.77606 91 333 120 2.775 1.06037
 1.77653 91 334 120 2.78333 1.06602
 1.77115 92 335 120 2.79167 1.0559
 1.77166 92 336 120 2.8 1.06145
 1.77225 92 337 120 2.80833 1.06689
 1.7672 93 338 120 2.81667 1.05659
 1.76783 93 339 120 2.825 1.06194
 1.76315 94 340 120 2.83333 1.05145
 1.75886 95 341 120 2.84167 1.0408
 1.75951 95 342 120 2.85 1.04602
 1.75558 96 343 120 2.85833 1.03518
 1.75204 97 344 120 2.86667 1.02415
 1.74889 98 345 120 2.875 1.01294
 1.74249 98 346 120 2.88333 1.02618
 1.73257 99 347 120 2.89167 1.02303
 1.74034 99 348 120 2.9 1.0198
 1.74821 99 349 120 2.90833 1.0165
 1.74905 99 350 120 2.91667 1.0213
 1.74996 99 351 120 2.925 1.02602
 1.74403 99 352 120 2.93333 1.0387
 1.73836 99 353 120 2.94167 1.05116
 1.73294 99 354 120 2.95 1.06341
 1.72343 100 355 120 2.95833 1.05984
 1.73135 100 356 120 2.96667 1.0562
 1.73936 100 357 120 2.975 1.05248
 1.74747 100 358 120 2.98333 1.04868
 1.74888 100 359 120 2.99167 1.05274
 1.75036 100 360 120 3 1.05672
 1.74526 100 361 120 3.00833 1.06846
 1.74039 100 362 120 3.01667 1.07999
 1.73572 100 363 120 3.025 1.09135
 1.72661 101 364 120 3.03333 1.0873
 1.73479 101 365 120 3.04167 1.08317
 1.73663 101 366 120 3.05 1.08666
 1.73853 101 367 120 3.05833 1.09008
 1.72974 102 368 120 3.06667 1.08577
 1.7381 102 369 120 3.075 1.08138
 1.73374 102 370 120 3.08333 1.09227
 1.72956 102 371 120 3.09167 1.10299
 1.72108 103 372 120 3.1 1.09848
 1.72949 103 373 120 3.10833 1.09389
 1.72546 103 374 120 3.11667 1.10441
 1.71727 104 375 120 3.125 1.09972
 1.72577 104 376 120 3.13333 1.09494
 1.72809 104 377 120 3.14167 1.09769
 1.72426 104 378 120 3.15 1.10793
 1.7206 104 379 120 3.15833 1.118
 1.71271 105 380 120 3.16667 1.11305
 1.72132 105 381 120 3.175 1.10802
 1.71778 105 382 120 3.18333 1.11791
 1.71439 105 383 120 3.19167 1.12765
 1.71115 105 384 120 3.2 1.13725
 1.70804 105 385 120 3.20833 1.1467
 1.70044 106 386 120 3.21667 1.14151
 1.70905 106 387 120 3.225 1.13624
 1.71188 106 388 120 3.23333 1.13822
 1.70893 106 389 120 3.24167 1.14743
 1.70612 106 390 120 3.25 1.1565
 1.70343 106 391 120 3.25833 1.16545
 1.6961 107 392 120 3.26667 1.15998
 1.70481 107 393 120 3.275 1.15443
 1.69777 108 394 120 3.28333 1.14879
 1.70662 108 395 120 3.29167 1.14306
 1.70399 108 396 120 3.3 1.15181
 1.70148 108 397 120 3.30833 1.16043
 1.6947 109 398 120 3.31667 1.15458
 1.70366 109 399 120 3.325 1.14864
 1.70123 109 400 120 3.33333 1.1571
 1.69473 110 401 120 3.34167 1.15106
 1.70382 110 402 120 3.35 1.14492
 1.70146 110 403 120 3.35833 1.15323
 1.69524 111 404 120 3.36667 1.14698
 1.69869 111 405 120 3.375 1.14791
 1.69648 111 406 120 3.38333 1.15602
 1.69051 112 407 120 3.39167 1.14961
 1.69407 112 408 120 3.4 1.15036
 1.69199 112 409 120 3.40833 1.15827
 1.68626 113 410 120 3.41667 1.15169
 1.68993 113 411 120 3.425 1.15226
 1.69364 113 412 120 3.43333 1.15277
 1.69173 113 413 120 3.44167 1.16043
 1.68993 113 414 120 3.45 1.16798
 1.68822 113 415 120 3.45833 1.17541
 1.68273 114 416 120 3.46667 1.16857
 1.68662 114 417 120 3.475 1.16878
 1.68502 114 418 120 3.48333 1.17603
 1.68352 114 419 120 3.49167 1.18319
 1.67827 115 420 120 3.5 1.17615
 1.68229 115 421 120 3.50833 1.17612
 1.6809 115 422 120 3.51667 1.1831
 1.67959 115 423 120 3.525 1.18998
 1.67457 116 424 120 3.53333 1.18275
 1.67873 116 425 120 3.54167 1.18248
 1.68293 116 426 120 3.55 1.18216
 1.67819 117 427 120 3.55833 1.1747
 1.68247 117 428 120 3.56667 1.17426
 1.68679 117 429 120 3.575 1.17376
 1.68234 118 430 120 3.58333 1.16607
 1.68674 118 431 120 3.59167 1.16545
 1.68255 119 432 120 3.6 1.15758
 1.68704 119 433 120 3.60833 1.15683
 1.68312 120 434 120 3.61667 1.14879
 1.68768 120 435 120 3.625 1.14791
 1.68403 121 436 120 3.63333 1.13969
 1.68295 121 437 120 3.64167 1.14598
 1.67952 122 438 120 3.65 1.13761
 1.68424 122 439 120 3.65833 1.13648
 1.68109 123 440 120 3.66667 1.12793
 1.68009 123 441 120 3.675 1.13404
 1.67715 124 442 120 3.68333 1.12534
 1.68205 124 443 120 3.69167 1.12395
 1.67939 125 444 120 3.7 1.11505
 1.68439 125 445 120 3.70833 1.11352
 1.68203 126 446 120 3.71667 1.10441
 1.67991 127 447 120 3.725 1.09516
 1.67898 127 448 120 3.73333 1.10101
 1.67813 127 449 120 3.74167 1.10677
 1.67623 128 450 120 3.75 1.09735
 1.67544 128 451 120 3.75833 1.10299
 1.67376 129 452 120 3.76667 1.09341
 1.67233 130 453 120 3.775 1.08369
 1.67159 130 454 120 3.78333 1.08921
 1.67039 131 455 120 3.79167 1.07932
 1.67591 131 456 120 3.8 1.07703
 1.67504 132 457 120 3.80833 1.06689
 1.67442 133 458 120 3.81667 1.05659
 1.67408 134 459 120 3.825 1.04612
 1.67401 135 460 120 3.83333 1.03548
 1.67421 136 461 120 3.84167 1.02466
 1.6747 137 462 120 3.85 1.01366
 1.67547 138 463 120 3.85833 1.00246
 1.67655 139 464 120 3.86667 0.991071
 1.67793 140 465 120 3.875 0.979477
 1.67963 141 466 120 3.88333 0.967672
 1.68166 142 467 120 3.89167 0.955648
 1.68402 143 468 120 3.9 0.943398
 1.68674 144 469 120 3.90833 0.930912
 1.68576 144 470 120 3.91667 0.936156
 1.68487 144 471 120 3.925 0.941298
 1.6801 145 472 120 3.93333 0.937491
 1.68705 145 473 120 3.94167 0.933594
 1.69411 145 474 120 3.95 0.929606
 1.68963 146 475 120 3.95833 0.925525
 1.69686 146 476 120 3.96667 0.921352
 1.70422 146 477 120 3.975 0.917083
 1.71169 146 478 120 3.98333 0.912719
 1.71109 146 479 120 3.99167 0.917386
 1.70702 147 480 120 4 0.912871
 1.71471 147 481 120 4.00833 0.908257
 1.71089 148 482 120 4.01667 0.903542
 1.71879 148 483 120 4.025 0.898726
 1.71524 149 484 120 4.03333 0.893806
 1.72335 149 485 120 4.04167 0.88878
 1.72007 150 486 120 4.05 0.883648
 1.71978 150 487 120 4.05833 0.887842
 1.71958 150 488 120 4.06667 0.891939
 1.71654 151 489 120 4.075 0.88659
 1.72505 151 490 120 4.08333 0.881129
 1.7223 152 491 120 4.09167 0.875555
 1.73106 152 492 120 4.1 0.869866
 1.72861 153 493 120 4.10833 0.864059
 1.73764 153 494 120 4.11667 0.858131
 1.7355 154 495 120 4.125 0.852081
 1.74482 154 496 120 4.13333 0.845905
 1.74301 155 497 120 4.14167 0.839601
 1.7432 155 498 120 4.15 0.843109
 1.74163 156 499 120 4.15833 0.836619
 1.74194 156 500 120 4.16667 0.839974
 1.74063 157 501 120 4.175 0.833292
 1.74106 157 502 120 4.18333 0.836494
 1.74001 158 503 120 4.19167 0.829617
 1.74056 158 504 120 4.2 0.832666
 1.74121 158 505 120 4.20833 0.835622
 1.74045 159 506 120 4.21667 0.828486
 1.74122 159 507 120 4.225 0.831289
 1.74073 160 508 120 4.23333 0.823947
 1.74163 160 509 120 4.24167 0.826598
 1.74141 161 510 120 4.25 0.819044
 1.74243 161 511 120 4.25833 0.821542
 1.7425 162 512 120 4.26667 0.81377
 1.74365 162 513 120 4.275 0.816114
 1.74401 163 514 120 4.28333 0.808119
 1.74529 163 515 120 4.29167 0.810307
 1.74595 164 516 120 4.3 0.802081
 1.74736 164 517 120 4.30833 0.804113
 1.74886 164 518 120 4.31667 0.806053
 1.74988 165 519 120 4.325 0.797522
 1.75152 165 520 120 4.33333 0.799305
 1.75287 166 521 120 4.34167 0.790525
 1.7545 167 522 120 4.35 0.781558
 1.75643 168 523 120 4.35833 0.772397
 1.75867 169 524 120 4.36667 0.763035
 1.76122 170 525 120 4.375 0.753464
 1.7641 171 526 120 4.38333 0.743677
 1.76733 172 527 120 4.39167 0.733665
 1.77091 173 528 120 4.4 0.723418
 1.77487 174 529 120 4.40833 0.712926
 1.77923 175 530 120 4.41667 0.702179
 1.784 176 531 120 4.425 0.691164
 1.78922 177 532 120 4.43333 0.679869
 1.79489 178 533 120 4.44167 0.668279
 1.80106 179 534 120 4.45 0.656379
 1.80775 180 535 120 4.45833 0.644151
 1.81501 181 536 120 4.46667 0.631577
 1.82286 182 537 120 4.475 0.618634
 1.83136 183 538 120 4.48333 0.605301
 1.84056 184 539 120 4.49167 0.591549
 1.85052 185 540 120 4.5 0.57735
 1.8613 186 541 120 4.50833 0.56267
 1.87299 187 542 120 4.51667 0.547469
 1.88568 188 543 120 4.525 0.531703
 1.89947 189 544 120 4.53333 0.515321
 1.90372 189 545 120 4.54167 0.514714
 1.90815 189 546 120 4.55 0.513971
 1.90269 190 547 120 4.55833 0.513092
 1.90745 190 548 120 4.56667 0.512076
 1.91239 190 549 120 4.575 0.510922
 1.90748 191 550 120 4.58333 0.509629
 1.91276 191 551 120 4.59167 0.508197
 1.91823 191 552 120 4.6 0.506623
 1.9239 191 553 120 4.60833 0.504906
 1.91971 192 554 120 4.61667 0.503046
 1.92575 192 555 120 4.625 0.501041
 1.92198 193 556 120 4.63333 0.498888
 1.9284 193 557 120 4.64167 0.496586
 1.92506 194 558 120 4.65 0.494132
 1.92197 195 559 120 4.65833 0.491525
 1.91914 196 560 120 4.66667 0.488763
 1.91657 197 561 120 4.675 0.485841
 1.92398 197 562 120 4.68333 0.482758
 1.92187 198 563 120 4.69167 0.479511
 1.92974 198 564 120 4.7 0.476095
 1.92814 199 565 120 4.70833 0.472508
 1.9365 199 566 120 4.71667 0.468745
 1.93541 200 567 120 4.725 0.464803
 1.93463 201 568 120 4.73333 0.460676
 1.93416 202 569 120 4.74167 0.456359
 1.93401 203 570 120 4.75 0.451848
 1.93418 204 571 120 4.75833 0.447136
 1.93469 205 572 120 4.76667 0.442217
 1.93555 206 573 120 4.775 0.437083
 1.93678 207 574 120 4.78333 0.431728
 1.93839 208 575 120 4.79167 0.426142
 1.9404 209 576 120 4.8 0.420317
 1.94282 210 577 120 4.80833 0.414243
 1.94568 211 578 120 4.81667 0.407908
 1.949 212 579 120 4.825 0.4013
 1.95281 213 580 120 4.83333 0.394405
 1.95713 214 581 120 4.84167 0.387209
 1.96201 215 582 120 4.85 0.379693
 1.96749 216 583 120 4.85833 0.371839
 1.9736 217 584 120 4.86667 0.363624
 1.9804 218 585 120 4.875 0.355023
 1.98795 219 586 120 4.88333 0.346009
 1.99632 220 587 120 4.89167 0.336547
 2.00561 221 588 120 4.9 0.326599
 2.01589 222 589 120 4.90833 0.316118
 2.02731 223 590 120 4.91667 0.30505
 2.04 224 591 120 4.925 0.293329
 2.05416 225 592 120 4.93333 0.280872
 2.07001 226 593 120 4.94167 0.267577
 2.08786 227 594 120 4.95 0.253311
 2.10812 228 595 120 4.95833 0.237902
 2.13136 229 596 120 4.96667 0.221108
 2.15839 230 597 120 4.975 0.202587
 2.19049 231 598 120 4.98333 0.181812
 2.22982 232 599 120 4.99167 0.157894
 2.28067 233 600 120 5 0.129099
 2.35435 234 601 120 5.00833 0.0909059
 2.28068 234 602 120 5.01667 0.128019
 2.22893 234 603 120 5.025 0.156125
 2.18837 234 604 120 5.03333 0.179505
 2.15487 234 605 120 5.04167 0.199826
 2.12632 234 606 120 5.05 0.217945
 2.10149 234 607 120 5.05833 0.234373
 2.07956 234 608 120 5.06667 0.249444
 2.05998 234 609 120 5.075 0.263391
 2.04236 234 610 120 5.08333 0.276385
 2.02639 234 611 120 5.09167 0.288555
 2.01183 234 612 120 5.1 0.3
 1.99852 234 613 120 5.10833 0.310801
 1.98629 234 614 120 5.11667 0.321023
 1.97503 234 615 120 5.125 0.330719
 1.96463 234 616 120 5.13333 0.339935
 1.95502 234 617 120 5.14167 0.348708
 1.94612 234 618 120 5.15 0.357071
 1.93787 234 619 120 5.15833 0.365053
 1.93022 234 620 120 5.16667 0.372678
 1.92312 234 621 120 5.175 0.379967
 1.91654 234 622 120 5.18333 0.38694
 1.91043 234 623 120 5.19167 0.393612
 1.90476 234 624 120 5.2 0.4
 1.89952 234 625 120 5.20833 0.406116
 1.89466 234 626 120 5.21667 0.411974
 1.89018 234 627 120 5.225 0.417582
 1.88605 234 628 120 5.23333 0.422953
 1.88225 234 629 120 5.24167 0.428093
 1.87877 234 630 120 5.25 0.433013
 1.8756 234 631 120 5.25833 0.437718
 1.87271 234 632 120 5.26667 0.442217
 1.8701 234 633 120 5.275 0.446514
 1.86776 234 634 120 5.28333 0.450617
 1.86567 234 635 120 5.29167 0.45453
 1.86383 234 636 120 5.3 0.458258
 1.86223 234 637 120 5.30833 0.461805
 1.86087 234 638 120 5.31667 0.465176
 1.85972 234 639 120 5.325 0.468375
 1.8588 234 640 120 5.33333 0.471405
 1.85809 234 641 120 5.34167 0.474268
 1.85758 234 642 120 5.35 0.47697
 1.85728 234 643 120 5.35833 0.479511
 1.85717 234 644 120 5.36667 0.481894
 1.85727 234 645 120 5.375 0.484123
 1.85755 234 646 120 5.38333 0.486198
 1.85802 234 647 120 5.39167 0.488123
 1.85867 234 648 120 5.4 0.489898
 1.85951 234 649 120 5.40833 0.491525
 1.86053 234 650 120 5.41667 0.493007
 1.86172 234 651 120 5.425 0.494343
 1.86309 234 652 120 5.43333 0.495536
 1.86464 234 653 120 5.44167 0.496586
 1.86637 234 654 120 5.45 0.497494
 1.86826 234 655 120 5.45833 0.498261
 1.87033 234 656 120 5.46667 0.498888
 1.87258 234 657 120 5.475 0.499375
 1.87499 234 658 120 5.48333 0.499722
 1.87758 234 659 120 5.49167 0.499931
 1.88034 234 660 120 5.5 0.5
 1.88328 234 661 120 5.50833 0.499931
 1.88639 234 662 120 5.51667 0.499722
 1.88968 234 663 120 5.525 0.499375
 1.89314 234 664 120 5.53333 0.498888
 1.89679 234 665 120 5.54167 0.498261
 1.90061 234 666 120 5.55 0.497494
 1.90462 234 667 120 5.55833 0.496586
 1.90882 234 668 120 5.56667 0.495536
 1.90506 235 669 120 5.575 0.494343
 1.90961 235 670 120 5.58333 0.493007
 1.91436 235 671 120 5.59167 0.491525
 1.91118 236 672 120 5.6 0.489898
 1.9163 236 673 120 5.60833 0.488123
 1.92164 236 674 120 5.61667 0.486198
 1.91905 237 675 120 5.625 0.484123
 1.92478 237 676 120 5.63333 0.481894
 1.92262 238 677 120 5.64167 0.479511
 1.9207 239 678 120 5.65 0.47697
 1.91903 240 679 120 5.65833 0.474268
 1.91761 241 680 120 5.66667 0.471405
 1.91644 242 681 120 5.675 0.468375
 1.92344 242 682 120 5.68333 0.465176
 1.92276 243 683 120 5.69167 0.461805
 1.93026 243 684 120 5.7 0.458258
 1.93009 244 685 120 5.70833 0.45453
 1.93021 245 686 120 5.71667 0.450617
 1.93063 246 687 120 5.725 0.446514
 1.93135 247 688 120 5.73333 0.442217
 1.93239 248 689 120 5.74167 0.437718
 1.93375 249 690 120 5.75 0.433013
 1.93545 250 691 120 5.75833 0.428093
 1.9375 251 692 120 5.76667 0.422953
 1.93992 252 693 120 5.775 0.417582
 1.94273 253 694 120 5.78333 0.411974
 1.94594 254 695 120 5.79167 0.406116
 1.94958 255 696 120 5.8 0.4
 1.95367 256 697 120 5.80833 0.393612
 1.95823 257 698 120 5.81667 0.38694
 1.96331 258 699 120 5.825 0.379967
 1.96893 259 700 120 5.83333 0.372678
 1.97513 260 701 120 5.84167 0.365053
 1.98196 261 702 120 5.85 0.357071
 1.98946 262 703 120 5.85833 0.348708
 1.99771 263 704 120 5.86667 0.339935
 2.00678 264 705 120 5.875 0.330719
 2.01673 265 706 120 5.88333 0.321023
 2.02769 266 707 120 5.89167 0.310801
 2.03976 267 708 120 5.9 0.3
 2.05309 268 709 120 5.90833 0.288555
 2.06787 269 710 120 5.91667 0.276385
 2.08434 270 711 120 5.925 0.263391
 2.10278 271 712 120 5.93333 0.249444
 2.12361 272 713 120 5.94167 0.234373
 2.14738 273 714 120 5.95 0.217945
 2.17489 274 715 120 5.95833 0.199826
 2.2074 275 716 120 5.96667 0.179505
 2.24701 276 717 120 5.975 0.156125
 2.29788 277 718 120 5.98333 0.128019
 2.37081 278 719 120 5.99167 0.0909059
 2.58065 279 720 120 6 0
 2.36888 279 721 120 6.00833 0.0909059
 2.29412 279 722 120 6.01667 0.128019
 2.24145 279 723 120 6.025 0.156125
 2.20006 279 724 120 6.03333 0.179505
 2.16579 279 725 120 6.04167 0.199826
 2.13651 279 726 120 6.05 0.217945
 2.11098 279 727 120 6.05833 0.234373
 2.08838 279 728 120 6.06667 0.249444
 2.06817 279 729 120 6.075 0.263391
 2.04992 279 730 120 6.08333 0.276385
 2.03334 279 731 120 6.09167 0.288555
 2.0182 279 732 120 6.1 0.3
 2.0043 279 733 120 6.10833 0.310801
 1.99151 279 734 120 6.11667 0.321023
 1.97969 279 735 120 6.125 0.330719
 1.96875 279 736 120 6.13333 0.339935
 1.9586 279 737 120 6.14167 0.348708
 1.94917 279 738 120 6.15 0.357071
 1.9404 279 739 120 6.15833 0.365053
 1.93223 279 740 120 6.16667 0.372678
 1.92462 279 741 120 6.175 0.379967
 1.91753 279 742 120 6.18333 0.38694
 1.91092 279 743 120 6.19167 0.393612
 1.90476 279 744 120 6.2 0.4
 1.89903 279 745 120 6.20833 0.406116
 1.89369 279 746 120 6.21667 0.411974
 1.88872 279 747 120 6.225 0.417582
 1.88411 279 748 120 6.23333 0.422953
 1.87984 279 749 120 6.24167 0.428093
 1.87589 279 750 120 6.25 0.433013
 1.87224 279 751 120 6.25833 0.437718
 1.86889 279 752 120 6.26667 0.442217
 1.86581 279 753 120 6.275 0.446514
 1.86301 279 754 120 6.28333 0.450617
 1.86046 279 755 120 6.29167 0.45453
 1.85816 279 756 120 6.3 0.458258
 1.8561 279 757 120 6.30833 0.461805
 1.85428 279 758 120 6.31667 0.465176
 1.85268 279 759 120 6.325 0.468375
 1.8513 279 760 120 6.33333 0.471405
 1.85014 279 761 120 6.34167 0.474268
 1.84918 279 762 120 6.35 0.47697
 1.84843 279 763 120 6.35833 0.479511
 1.84787 279 764 120 6.36667 0.481894
 1.84751 279 765 120 6.375 0.484123
 1.84734 279 766 120 6.38333 0.486198
 1.84736 279 767 120 6.39167 0.488123
 1.84757 279 768 120 6.4 0.489898
 1.84796 279 769 120 6.40833 0.491525
 1.84852 279 770 120 6.41667 0.493007
 1.84927 279 771 120 6.425 0.494343
 1.85019 279 772 120 6.43333 0.495536
 1.85129 279 773 120 6.44167 0.496586
 1.85256 279 774 120 6.45 0.497494
 1.854 279 775 120 6.45833 0.498261
 1.85562 279 776 120 6.46667 0.498888
 1.85741 279 777 120 6.475 0.499375
 1.85936 279 778 120 6.48333 0.499722
 1.8615 279 779 120 6.49167 0.499931
 1.8638 279 780 120 6.5 0.5
 1.86628 279 781 120 6.50833 0.499931
 1.86892 279 782 120 6.51667 0.499722
 1.87175 279 783 120 6.525 0.499375
 1.87475 279 784 120 6.53333 0.498888
 1.87792 279 785 120 6.54167 0.498261
 1.88128 279 786 120 6.55 0.497494
 1.88482 279 787 120 6.55833 0.496586
 1.88854 279 788 120 6.56667 0.495536
 1.89244 279 789 120 6.575 0.494343
 1.89654 279 790 120 6.58333 0.493007
 1.90082 279 791 120 6.59167 0.491525
 1.8985 280 792 120 6.6 0.489898
 1.90316 280 793 120 6.60833 0.488123
 1.90803 280 794 120 6.61667 0.486198
 1.91311 280 795 120 6.625 0.484123
 1.91157 281 796 120 6.63333 0.481894
 1.91025 282 797 120 6.64167 0.479511
 1.91594 282 798 120 6.65 0.47697
 1.91507 283 799 120 6.65833 0.474268
 1.91443 284 800 120 6.66667 0.471405
 1.91404 285 801 120 6.675 0.468375
 1.92061 285 802 120 6.68333 0.465176
 1.9207 286 803 120 6.69167 0.461805
 1.92106 287 804 120 6.7 0.458258
 1.92168 288 805 120 6.70833 0.45453
 1.92258 289 806 120 6.71667 0.450617
 1.92377 290 807 120 6.725 0.446514
 1.92525 291 808 120 6.73333 0.442217
 1.92705 292 809 120 6.74167 0.437718
 1.92916 293 810 120 6.75 0.433013
 1.9316 294 811 120 6.75833 0.428093
 1.93439 295 812 120 6.76667 0.422953
 1.93754 296 813 120 6.775 0.417582
 1.94107 297 814 120 6.78333 0.411974
 1.945 298 815 120 6.79167 0.406116
 1.94935 299 816 120 6.8 0.4
 1.95415 300 817 120 6.80833 0.393612
 1.95943 301 818 120 6.81667 0.38694
 1.96521 302 819 120 6.825 0.379967
 1.97153 303 820 120 6.83333 0.372678
 1.97843 304 821 120 6.84167 0.365053
 1.98595 305 822 120 6.85 0.357071
 1.99416 306 823 120 6.85833 0.348708
 2.00311 307 824 120 6.86667 0.339935
 2.01288 308 825 120 6.875 0.330719
 2.02354 309 826 120 6.88333 0.321023
 2.0352 310 827 120 6.89167 0.310801
 2.04798 311 828 120 6.9 0.3
 2.06204 312 829 120 6.90833 0.288555
 2.07755 313 830 120 6.91667 0.276385
 2.09476 314 831 120 6.925 0.263391
 2.11396 315 832 120 6.93333 0.249444
 2.13556 316 833 120 6.94167 0.234373
 2.16013 317 834 120 6.95 0.217945
 2.18847 318 835 120 6.95833 0.199826
 2.22185 319 836 120 6.96667 0.179505
 2.26241 320 837 120 6.975 0.156125
 2.31432 321 838 120 6.98333 0.128019
 2.38846 322 839 120 6.99167 0.0909059
 2.60062 323 840 120 7 0
 2.38675 323 841 120 7.00833 0.0909059
 2.31096 323 842 120 7.01667 0.128019
 2.25746 323 843 120 7.025 0.156125
 2.21534 323 844 120 7.03333 0.179505
 2.1804 323 845 120 7.04167 0.199826
 2.1505 323 846 120 7.05 0.217945
 2.12439 323 847 120 7.05833 0.234373
 2.10124 323 848 120 7.06667 0.249444
 2.0805 323 849 120 7.075 0.263391
 2.06174 323 850 120 7.08333 0.276385
 2.04467 323 851 120 7.09167 0.288555
 2.02905 323 852 120 7.1 0.3
 2.0147 323 853 120 7.10833 0.310801
 2.00145 323 854 120 7.11667 0.321023
 1.98919 323 855 120 7.125 0.330719
 1.97782 323 856 120 7.13333 0.339935
 1.96725 323 857 120 7.14167 0.348708
 1.95741 323 858 120 7.15 0.357071
 1.94823 323 859 120 7.15833 0.365053
 1.93967 323 860 120 7.16667 0.372678
 1.93167 323 861 120 7.175 0.379967
 1.92419 323 862 120 7.18333 0.38694
 1.9172 323 863 120 7.19167 0.393612
 1.91066 323 864 120 7.2 0.4
 1.90455 323 865 120 7.20833 0.406116
 1.89884 323 866 120 7.21667 0.411974
 1.89351 323 867 120 7.225 0.417582
 1.88854 323 868 120 7.23333 0.422953
 1.88391 323 869 120 7.24167 0.428093
 1.87961 323 870 120 7.25 0.433013
 1.87561 323 871 120 7.25833 0.437718
 1.8719 323 872 120 7.26667 0.442217
 1.86848 323 873 120 7.275 0.446514
 1.86533 323 874 120 7.28333 0.450617
 1.86244 323 875 120 7.29167 0.45453
 1.8598 323 876 120 7.3 0.458258
 1.85741 323 877 120 7.30833 0.461805
 1.85525 323 878 120 7.31667 0.465176
 1.85332 323 879 120 7.325 0.468375
 1.8516 323 880 120 7.33333 0.471405
 1.85011 323 881 120 7.34167 0.474268
 1.84882 323 882 120 7.35 0.47697
 1.84774 323 883 120 7.35833 0.479511
 1.84685 323 884 120 7.36667 0.481894
 1.84617 323 885 120 7.375 0.484123
 1.84567 323 886 120 7.38333 0.486198
 1.84537 323 887 120 7.39167 0.488123
 1.84524 323 888 120 7.4 0.489898
 1.84531 323 889 120 7.40833 0.491525
 1.84555 323 890 120 7.41667 0.493007
 1.84597 323 891 120 7.425 0.494343
 1.84657 323 892 120 7.43333 0.495536
 1.84734 323 893 120 7.44167 0.496586
 1.84829 323 894 120 7.45 0.497494
 1.84941 323 895 120 7.45833 0.498261
 1.8507 323 896 120 7.46667 0.498888
 1.85217 323 897 120 7.475 0.499375
 1.8538 323 898 120 7.48333 0.499722
 1.85561 323 899 120 7.49167 0.499931
 1.85759 323 900 120 7.5 0.5
 1.85974 323 901 120 7.50833 0.499931
 1.86206 323 902 120 7.51667 0.499722
 1.86455 323 903 120 7.525 0.499375
 1.86723 323 904 120 7.53333 0.498888
 1.87007 323 905 120 7.54167 0.498261
 1.8731 323 906 120 7.55 0.497494
 1.8763 323 907 120 7.55833 0.496586
 1.87969 323 908 120 7.56667 0.495536
 1.88326 323 909 120 7.575 0.494343
 1.88702 323 910 120 7.58333 0.493007
 1.88514 324 911 120 7.59167 0.491525
 1.88927 324 912 120 7.6 0.489898
 1.89359 324 913 120 7.60833 0.488123
 1.89228 325 914 120 7.61667 0.486198
 1.897 325 915 120 7.625 0.484123
 1.90193 325 916 120 7.63333 0.481894
 1.90123 326 917 120 7.64167 0.479511
 1.90074 327 918 120 7.65 0.47697
 1.90049 328 919 120 7.65833 0.474268
 1.90046 329 920 120 7.66667 0.471405
 1.90646 329 921 120 7.675 0.468375
 1.9069 330 922 120 7.68333 0.465176
 1.91337 330 923 120 7.69167 0.461805
 1.9143 331 924 120 7.7 0.458258
 1.9155 332 925 120 7.70833 0.45453
 1.91696 333 926 120 7.71667 0.450617
 1.91872 334 927 120 7.725 0.446514
 1.92076 335 928 120 7.73333 0.442217
 1.9231 336 929 120 7.74167 0.437718
 1.92576 337 930 120 7.75 0.433013
 1.92875 338 931 120 7.75833 0.428093
 1.93208 339 932 120 7.76667 0.422953
 1.93577 340 933 120 7.775 0.417582
 1.93984 341 934 120 7.78333 0.411974
 1.9443 342 935 120 7.79167 0.406116
 1.94919 343 936 120 7.8 0.4
 1.95452 344 937 120 7.80833 0.393612
 1.96032 345 938 120 7.81667 0.38694
 1.96662 346 939 120 7.825 0.379967
 1.97347 347 940 120 7.83333 0.372678
 1.98089 348 941 120 7.84167 0.365053
 1.98894 349 942 120 7.85 0.357071
 1.99768 350 943 120 7.85833 0.348708
 2.00716 351 944 120 7.86667 0.339935
 2.01745 352 945 120 7.875 0.330719
 2.02865 353 946 120 7.88333 0.321023
 2.04084 354 947 120 7.89167 0.310801
 2.05417 355 948 120 7.9 0.3
 2.06878 356 949 120 7.90833 0.288555
 2.08484 357 950 120 7.91667 0.276385
 2.10261 358 951 120 7.925 0.263391
 2.12239 359 952 120 7.93333 0.249444
 2.14459 360 953 120 7.94167 0.234373
 2.16977 361 954 120 7.95 0.217945
 2.19875 362 955 120 7.95833 0.199826
 2.23281 363 956 120 7.96667 0.179505
 2.27408 364 957 120 7.975 0.156125
 2.32678 365 958 120 7.98333 0.128019
 2.40187 366 959 120 7.99167 0.0909059
 2.6158 367 960 120 8 0
 2.40032 367 961 120 8.00833 0.0909059
 2.32377 367 962 120 8.01667 0.128019
 2.26963 367 963 120 8.025 0.156125
 2.22695 367 964 120 8.03333 0.179505
 2.19151 367 965 120 8.04167 0.199826
 2.16114 367 966 120 8.05 0.217945
 2.13459 367 967 120 8.05833 0.234373
 2.11102 367 968 120 8.06667 0.249444
 2.08987 367 969 120 8.075 0.263391
 2.07073 367 970 120 8.08333 0.276385
 2.05329 367 971 120 8.09167 0.288555
 2.03731 367 972 120 8.1 0.3
 2.0226 367 973 120 8.10833 0.310801
 2.00901 367 974 120 8.11667 0.321023
 1.99642 367 975 120 8.125 0.330719
 1.98472 367 976 120 8.13333 0.339935
 1.97383 367 977 120 8.14167 0.348708
 1.96368 367 978 120 8.15 0.357071
 1.95419 367 979 120 8.15833 0.365053
 1.94532 367 980 120 8.16667 0.372678
 1.93702 367 981 120 8.175 0.379967
 1.92925 367 982 120 8.18333 0.38694
 1.92197 367 983 120 8.19167 0.393612
 1.91514 367 984 120 8.2 0.4
 1.90875 367 985 120 8.20833 0.406116
 1.90276 367 986 120 8.21667 0.411974
 1.89715 367 987 120 8.225 0.417582
 1.89191 367 988 120 8.23333 0.422953
 1.88701 367 989 120 8.24167 0.428093
 1.88243 367 990 120 8.25 0.433013
 1.87817 367 991 120 8.25833 0.437718
 1.8742 367 992 120 8.26667 0.442217
 1.87051 367 993 120 8.275 0.446514
 1.8671 367 994 120 8.28333 0.450617
 1.86395 367 995 120 8.29167 0.45453
 1.86105 367 996 120 8.3 0.458258
 1.8584 367 997 120 8.30833 0.461805
 1.85599 367 998 120 8.31667 0.465176
 1.8538 367 999 120 8.325 0.468375
 1.85183 367 1000 120 8.33333 0.471405
 1.85008 367 1001 120 8.34167 0.474268
 1.84855 367 1002 120 8.35 0.47697
 1.84721 367 1003 120 8.35833 0.479511
 1.84608 367 1004 120 8.36667 0.481894
 1.84514 367 1005 120 8.375 0.484123
 1.8444 367 1006 120 8.38333 0.486198
 1.84385 367 1007 120 8.39167 0.488123
 1.84348 367 1008 120 8.4 0.489898
 1.84329 367 1009 120 8.40833 0.491525
 1.84329 367 1010 120 8.41667 0.493007
 1.84346 367 1011 120 8.425 0.494343
 1.84382 367 1012 120 8.43333 0.495536
 1.84434 367 1013 120 8.44167 0.496586
 1.84504 367 1014 120 8.45 0.497494
 1.84592 367 1015 120 8.45833 0.498261
 1.84696 367 1016 120 8.46667 0.498888
 1.84818 367 1017 120 8.475 0.499375
 1.84957 367 1018 120 8.48333 0.499722
 1.85113 367 1019 120 8.49167 0.499931
 1.85286 367 1020 120 8.5 0.5
 1.85476 367 1021 120 8.50833 0.499931
 1.85684 367 1022 120 8.51667 0.499722
 1.85909 367 1023 120 8.525 0.499375
 1.86151 367 1024 120 8.53333 0.498888
 1.8641 367 1025 120 8.54167 0.498261
 1.86688 367 1026 120 8.55 0.497494
 1.86983 367 1027 120 8.55833 0.496586
 1.87297 367 1028 120 8.56667 0.495536
 1.87629 367 1029 120 8.575 0.494343
 1.87979 367 1030 120 8.58333 0.493007
 1.88348 367 1031 120 8.59167 0.491525
 1.88224 368 1032 120 8.6 0.489898
 1.88631 368 1033 120 8.60833 0.488123
 1.89058 368 1034 120 8.61667 0.486198
 1.89506 368 1035 120 8.625 0.484123
 1.89459 369 1036 120 8.63333 0.481894
 1.89434 370 1037 120 8.64167 0.479511
 1.89943 370 1038 120 8.65 0.47697
 1.89961 371 1039 120 8.65833 0.474268
 1.90002 372 1040 120 8.66667 0.471405
 1.90066 373 1041 120 8.675 0.468375
 1.90664 373 1042 120 8.68333 0.465176
 1.90776 374 1043 120 8.69167 0.461805
 1.90913 375 1044 120 8.7 0.458258
 1.91076 376 1045 120 8.70833 0.45453
 1.91266 377 1046 120 8.71667 0.450617
 1.91484 378 1047 120 8.725 0.446514
 1.91731 379 1048 120 8.73333 0.442217
 1.92007 380 1049 120 8.74167 0.437718
 1.92315 381 1050 120 8.75 0.433013
 1.92656 382 1051 120 8.75833 0.428093
 1.93031 383 1052 120 8.76667 0.422953
 1.93441 384 1053 120 8.775 0.417582
 1.93889 385 1054 120 8.78333 0.411974
 1.94377 386 1055 120 8.79167 0.406116
 1.94906 387 1056 120 8.8 0.4
 1.9548 388 1057 120 8.80833 0.393612
 1.961 389 1058 120 8.81667 0.38694
 1.96772 390 1059 120 8.825 0.379967
 1.97497 391 1060 120 8.83333 0.372678
 1.9828 392 1061 120 8.84167 0.365053
 1.99127 393 1062 120 8.85 0.357071
 2.00041 394 1063 120 8.85833 0.348708
 2.0103 395 1064 120 8.86667 0.339935
 2.02101 396 1065 120 8.875 0.330719
 2.03262 397 1066 120 8.88333 0.321023
 2.04524 398 1067 120 8.89167 0.310801
 2.05899 399 1068 120 8.9 0.3
 2.07403 400 1069 120 8.90833 0.288555
 2.09054 401 1070 120 8.91667 0.276385
 2.10875 402 1071 120 8.925 0.263391
 2.12899 403 1072 120 8.93333 0.249444
 2.15165 404 1073 120 8.94167 0.234373
 2.17732 405 1074 120 8.95 0.217945
 2.20681 406 1075 120 8.95833 0.199826
 2.24139 407 1076 120 8.96667 0.179505
 2.28324 408 1077 120 8.975 0.156125
 2.33657 409 1078 120 8.98333 0.128019
 2.41241 410 1079 120 8.99167 0.0909059
 2.62774 411 1080 120 9 0
 2.411 411 1081 120 9.00833 0.0909059
 2.33383 411 1082 120 9.01667 0.128019
 2.2792 411 1083 120 9.025 0.156125
 2.23608 411 1084 120 9.03333 0.179505
 2.20024 411 1085 120 9.04167 0.199826
 2.1695 411 1086 120 9.05 0.217945
 2.1426 411 1087 120 9.05833 0.234373
 2.1187 411 1088 120 9.06667 0.249444
 2.09724 411 1089 120 9.075 0.263391
 2.0778 411 1090 120 9.08333 0.276385
 2.06006 411 1091 120 9.09167 0.288555
 2.0438 411 1092 120 9.1 0.3
 2.02881 411 1093 120 9.10833 0.310801
 2.01495 411 1094 120 9.11667 0.321023
 2.0021 411 1095 120 9.125 0.330719
 1.99015 411 1096 120 9.13333 0.339935
 1.97901 411 1097 120 9.14167 0.348708
 1.9686 411 1098 120 9.15 0.357071
 1.95887 411 1099 120 9.15833 0.365053
 1.94976 411 1100 120 9.16667 0.372678
 1.94123 411 1101 120 9.175 0.379967
 1.93322 411 1102 120 9.18333 0.38694
 1.92571 411 1103 120 9.19167 0.393612
 1.91867 411 1104 120 9.2 0.4
 1.91205 411 1105 120 9.20833 0.406116
 1.90584 411 1106 120 9.21667 0.411974
 1.90002 411 1107 120 9.225 0.417582
 1.89456 411 1108 120 9.23333 0.422953
 1.88944 411 1109 120 9.24167 0.428093
 1.88465 411 1110 120 9.25 0.433013
 1.88018 411 1111 120 9.25833 0.437718
 1.876 411 1112 120 9.26667 0.442217
 1.87211 411 1113 120 9.275 0.446514
 1.86849 411 1114 120 9.28333 0.450617
 1.86514 411 1115 120 9.29167 0.45453
 1.86204 411 1116 120 9.3 0.458258
 1.85918 411 1117 120 9.30833 0.461805
 1.85656 411 1118 120 9.31667 0.465176
 1.85418 411 1119 120 9.325 0.468375
 1.85201 411 1120 120 9.33333 0.471405
 1.85007 411 1121 120 9.34167 0.474268
 1.84833 411 1122 120 9.35 0.47697
 1.8468 411 1123 120 9.35833 0.479511
 1.84547 411 1124 120 9.36667 0.481894
 1.84434 411 1125 120 9.375 0.484123
 1.8434 411 1126 120 9.38333 0.486198
 1.84265 411 1127 120 9.39167 0.488123
 1.84209 411 1128 120 9.4 0.489898
 1.84171 411 1129 120 9.40833 0.491525
 1.84151 411 1130 120 9.41667 0.493007
 1.84149 411 1131 120 9.425 0.494343
 1.84165 411 1132 120 9.43333 0.495536
 1.84199 411 1133 120 9.44167 0.496586
 1.84249 411 1134 120 9.45 0.497494
 1.84318 411 1135 120 9.45833 0.498261
 1.84403 411 1136 120 9.46667 0.498888
 1.84505 411 1137 120 9.475 0.499375
 1.84625 411 1138 120 9.48333 0.499722
 1.84761 411 1139 120 9.49167 0.499931
 1.84915 411 1140 120 9.5 0.5
 1.85086 411 1141 120 9.50833 0.499931
 1.85274 411 1142 120 9.51667 0.499722
 1.85479 411 1143 120 9.525 0.499375
 1.85701 411 1144 120 9.53333 0.498888
 1.85941 411 1145 120 9.54167 0.498261
 1.86199 411 1146 120 9.55 0.497494
 1.86475 411 1147 120 9.55833 0.496586
 1.86768 411 1148 120 9.56667 0.495536
 1.8708 411 1149 120 9.575 0.494343
 1.87411 411 1150 120 9.58333 0.493007
 1.8776 411 1151 120 9.59167 0.491525
 1.88128 411 1152 120 9.6 0.489898
 1.88059 412 1153 120 9.60833 0.488123
 1.88465 412 1154 120 9.61667 0.486198
 1.88893 412 1155 120 9.625 0.484123
 1.8934 412 1156 120 9.63333 0.481894
 1.8935 413 1157 120 9.64167 0.479511
 1.89381 414 1158 120 9.65 0.47697
 1.89434 415 1159 120 9.65833 0.474268
 1.8951 416 1160 120 9.66667 0.471405
 1.89609 417 1161 120 9.675 0.468375
 1.90187 417 1162 120 9.68333 0.465176
 1.90333 418 1163 120 9.69167 0.461805
 1.90504 419 1164 120 9.7 0.458258
 1.90701 420 1165 120 9.70833 0.45453
 1.90925 421 1166 120 9.71667 0.450617
 1.91177 422 1167 120 9.725 0.446514
 1.91457 423 1168 120 9.73333 0.442217
 1.91767 424 1169 120 9.74167 0.437718
 1.92109 425 1170 120 9.75 0.433013
 1.92482 426 1171 120 9.75833 0.428093
 1.9289 427 1172 120 9.76667 0.422953
 1.93333 428 1173 120 9.775 0.417582
 1.93814 429 1174 120 9.78333 0.411974
 1.94334 430 1175 120 9.79167 0.406116
 1.94896 431 1176 120 9.8 0.4
 1.95502 432 1177 120 9.80833 0.393612
 1.96155 433 1178 120 9.81667 0.38694
 1.96859 434 1179 120 9.825 0.379967
 1.97617 435 1180 120 9.83333 0.372678
 1.98433 436 1181 120 9.84167 0.365053
 1.99312 437 1182 120 9.85 0.357071
 2.00259 438 1183 120 9.85833 0.348708
 2.01281 439 1184 120 9.86667 0.339935
 2.02385 440 1185 120 9.875 0.330719
 2.0358 441 1186 120 9.88333 0.321023
 2.04876 442 1187 120 9.89167 0.310801
 2.06286 443 1188 120 9.9 0.3
 2.07824 444 1189 120 9.90833 0.288555
 2.0951 445 1190 120 9.91667 0.276385
 2.11368 446 1191 120 9.925 0.263391
 2.13428 447 1192 120 9.93333 0.249444
 2.15733 448 1193 120 9.94167 0.234373
 2.18339 449 1194 120 9.95 0.217945
 2.21328 450 1195 120 9.95833 0.199826
 2.2483 451 1196 120 9.96667 0.179505
 2.29061 452 1197 120 9.975 0.156125
 2.34446 453 1198 120 9.98333 0.128019
 2.4209 454 1199 120 9.99167 0.0909059
 2.63736 455 1200 120 10 0
 2.4196 455 1201 120 10.0083 0.0909059
 2.34194 455 1202 120 10.0167 0.128019
 2.28691 455 1203 120 10.025 0.156125
 2.24344 455 1204 120 10.0333 0.179505
 2.20728 455 1205 120 10.0417 0.199826
 2.17625 455 1206 120 10.05 0.217945
 2.14907 455 1207 120 10.0583 0.234373
 2.1249 455 1208 120 10.0667 0.249444
 2.10318 455 1209 120 10.075 0.263391
 2.08349 455 1210 120 10.0833 0.276385
 2.06552 455 1211 120 10.0917 0.288555
 2.04903 455 1212 120 10.1 0.3
 2.03382 455 1213 120 10.1083 0.310801
 2.01975 455 1214 120 10.1167 0.321023
 2.00668 455 1215 120 10.125 0.330719
 1.99452 455 1216 120 10.1333 0.339935
 1.98318 455 1217 120 10.1417 0.348708
 1.97257 455 1218 120 10.15 0.357071
 1.96265 455 1219 120 10.1583 0.365053
 1.95335 455 1220 120 10.1667 0.372678
 1.94462 455 1221 120 10.175 0.379967
 1.93643 455 1222 120 10.1833 0.38694
 1.92874 455 1223 120 10.1917 0.393612
 1.92151 455 1224 120 10.2 0.4
 1.91471 455 1225 120 10.2083 0.406116
 1.90833 455 1226 120 10.2167 0.411974
 1.90233 455 1227 120 10.225 0.417582
 1.89669 455 1228 120 10.2333 0.422953
 1.8914 455 1229 120 10.2417 0.428093
 1.88644 455 1230 120 10.25 0.433013
 1.8818 455 1231 120 10.2583 0.437718
 1.87745 455 1232 120 10.2667 0.442217
 1.87339 455 1233 120 10.275 0.446514
 1.86961 455 1234 120 10.2833 0.450617
 1.86609 455 1235 120 10.2917 0.45453
 1.86283 455 1236 120 10.3 0.458258
 1.85981 455 1237 120 10.3083 0.461805
 1.85703 455 1238 120 10.3167 0.465176
 1.85448 455 1239 120 10.325 0.468375
 1.85216 455 1240 120 10.3333 0.471405
 1.85005 455 1241 120 10.3417 0.474268
 1.84816 455 1242 120 10.35 0.47697
 1.84647 455 1243 120 10.3583 0.479511
 1.84498 455 1244 120 10.3667 0.481894
 1.84369 455 1245 120 10.375 0.484123
 1.84259 455 1246 120 10.3833 0.486198
 1.84169 455 1247 120 10.3917 0.488123
 1.84097 455 1248 120 10.4 0.489898
 1.84043 455 1249 120 10.4083 0.491525
 1.84008 455 1250 120 10.4167 0.493007
 1.83991 455 1251 120 10.425 0.494343
 1.83991 455 1252 120 10.4333 0.495536
 1.84009 455 1253 120 10.4417 0.496586
 1.84044 455 1254 120 10.45 0.497494
 1.84096 455 1255 120 10.4583 0.498261
 1.84166 455 1256 120 10.4667 0.498888
 1.84253 455 1257 120 10.475 0.499375
 1.84356 455 1258 120 10.4833 0.499722
 1.84477 455 1259 120 10.4917 0.499931
 1.84615 455 1260 120 10.5 0.5
 1.8477 455 1261 120 10.5083 0.499931
 1.84943 455 1262 120 10.5167 0.499722
 1.85132 455 1263 120 10.525 0.499375
 1.85339 455 1264 120 10.5333 0.498888
 1.85563 455 1265 120 10.5417 0.498261
 1.85805 455 1266 120 10.55 0.497494
 1.86065 455 1267 120 10.5583 0.496586
 1.86342 455 1268 120 10.5667 0.495536
 1.86638 455 1269 120 10.575 0.494343
 1.86952 455 1270 120 10.5833 0.493007
 1.87285 455 1271 120 10.5917 0.491525
 1.87637 455 1272 120 10.6 0.489898
 1.88009 455 1273 120 10.6083 0.488123
 1.87987 456 1274 120 10.6167 0.486198
 1.88398 456 1275 120 10.625 0.484123
 1.88829 456 1276 120 10.6333 0.481894
 1.89281 456 1277 120 10.6417 0.479511
 1.8934 457 1278 120 10.65 0.47697
 1.89421 458 1279 120 10.6583 0.474268
 1.89524 459 1280 120 10.6667 0.471405
 1.89651 460 1281 120 10.675 0.468375
 1.898 461 1282 120 10.6833 0.465176
 1.89974 462 1283 120 10.6917 0.461805
 1.90173 463 1284 120 10.7 0.458258
 1.90398 464 1285 120 10.7083 0.45453
 1.90649 465 1286 120 10.7167 0.450617
 1.90928 466 1287 120 10.725 0.446514
 1.91235 467 1288 120 10.7333 0.442217
 1.91573 468 1289 120 10.7417 0.437718
 1.91941 469 1290 120 10.75 0.433013
 1.92341 470 1291 120 10.7583 0.428093
 1.92775 471 1292 120 10.7667 0.422953
 1.93245 472 1293 120 10.775 0.417582
 1.93752 473 1294 120 10.7833 0.411974
 1.94299 474 1295 120 10.7917 0.406116
 1.94887 475 1296 120 10.8 0.4
 1.9552 476 1297 120 10.8083 0.393612
 1.962 477 1298 120 10.8167 0.38694
 1.9693 478 1299 120 10.825 0.379967
 1.97715 479 1300 120 10.8333 0.372678
 1.98558 480 1301 120 10.8417 0.365053
 1.99463 481 1302 120 10.85 0.357071
 2.00438 482 1303 120 10.8583 0.348708
 2.01487 483 1304 120 10.8667 0.339935
 2.02618 484 1305 120 10.875 0.330719
 2.03841 485 1306 120 10.8833 0.321023
 2.05165 486 1307 120 10.8917 0.310801
 2.06602 487 1308 120 10.9 0.3
 2.08169 488 1309 120 10.9083 0.288555
 2.09885 489 1310 120 10.9167 0.276385
 2.11772 490 1311 120 10.925 0.263391
 2.13863 491 1312 120 10.9333 0.249444
 2.16199 492 1313 120 10.9417 0.234373
 2.18837 493 1314 120 10.95 0.217945
 2.21861 494 1315 120 10.9583 0.199826
 2.25398 495 1316 120 10.9667 0.179505
 2.29667 496 1317 120 10.975 0.156125
 2.35095 497 1318 120 10.9833 0.128019
 2.42789 498 1319 120 10.9917 0.0909059
 2.64529 499 1320 120 11 0
 2.42669 499 1321 120 11.0083 0.0909059
 2.34863 499 1322 120 11.0167 0.128019
 2.29327 499 1323 120 11.025 0.156125
 2.24951 499 1324 120 11.0333 0.179505
 2.21308 499 1325 120 11.0417 0.199826
 2.1818 499 1326 120 11.05 0.217945
 2.15439 499 1327 120 11.0583 0.234373
 2.13001 499 1328 120 11.0667 0.249444
 2.10808 499 1329 120 11.075 0.263391
 2.08819 499 1330 120 11.0833 0.276385
 2.07002 499 1331 120 11.0917 0.288555
 2.05334 499 1332 120 11.1 0.3
 2.03795 499 1333 120 11.1083 0.310801
 2.02369 499 1334 120 11.1167 0.321023
 2.01046 499 1335 120 11.125 0.330719
 1.99812 499 1336 120 11.1333 0.339935
 1.98661 499 1337 120 11.1417 0.348708
 1.97584 499 1338 120 11.15 0.357071
 1.96576 499 1339 120 11.1583 0.365053
 1.9563 499 1340 120 11.1667 0.372678
 1.94742 499 1341 120 11.175 0.379967
 1.93907 499 1342 120 11.1833 0.38694
 1.93123 499 1343 120 11.1917 0.393612
 1.92385 499 1344 120 11.2 0.4
 1.9169 499 1345 120 11.2083 0.406116
 1.91037 499 1346 120 11.2167 0.411974
 1.90423 499 1347 120 11.225 0.417582
 1.89845 499 1348 120 11.2333 0.422953
 1.89302 499 1349 120 11.2417 0.428093
 1.88792 499 1350 120 11.25 0.433013
 1.88313 499 1351 120 11.2583 0.437718
 1.87865 499 1352 120 11.2667 0.442217
 1.87445 499 1353 120 11.275 0.446514
 1.87053 499 1354 120 11.2833 0.450617
 1.86688 499 1355 120 11.2917 0.45453
 1.86348 499 1356 120 11.3 0.458258
 1.86033 499 1357 120 11.3083 0.461805
 1.85742 499 1358 120 11.3167 0.465176
 1.85474 499 1359 120 11.325 0.468375
 1.85228 499 1360 120 11.3333 0.471405
 1.85004 499 1361 120 11.3417 0.474268
 1.84801 499 1362 120 11.35 0.47697
 1.84619 499 1363 120 11.3583 0.479511
 1.84458 499 1364 120 11.3667 0.481894
 1.84316 499 1365 120 11.375 0.484123
 1.84193 499 1366 120 11.3833 0.486198
 1.8409 499 1367 120 11.3917 0.488123
 1.84005 499 1368 120 11.4 0.489898
 1.83938 499 1369 120 11.4083 0.491525
 1.8389 499 1370 120 11.4167 0.493007
 1.8386 499 1371 120 11.425 0.494343
 1.83847 499 1372 120 11.4333 0.495536
 1.83852 499 1373 120 11.4417 0.496586
 1.83874 499 1374 120 11.45 0.497494
 1.83914 499 1375 120 11.4583 0.498261
 1.83971 499 1376 120 11.4667 0.498888
 1.84045 499 1377 120 11.475 0.499375
 1.84136 499 1378 120 11.4833 0.499722
 1.84244 499 1379 120 11.4917 0.499931
 1.84369 499 1380 120 11.5 0.5
 1.84511 499 1381 120 11.5083 0.499931
 1.8467 499 1382 120 11.5167 0.499722
 1.84847 499 1383 120 11.525 0.499375
 1.8504 499 1384 120 11.5333 0.498888
 1.85252 499 1385 120 11.5417 0.498261
 1.8548 499 1386 120 11.55 0.497494
 1.85727 499 1387 120 11.5583 0.496586
 1.85991 499 1388 120 11.5667 0.495536
 1.86274 499 1389 120 11.575 0.494343
 1.86575 499 1390 120 11.5833 0.493007
 1.86894 499 1391 120 11.5917 0.491525
 1.87233 499 1392 120 11.6 0.489898
 1.87591 499 1393 120 11.6083 0.488123
 1.87969 499 1394 120 11.6167 0.486198
 1.8799 500 1395 120 11.625 0.484123
 1.88407 500 1396 120 11.6333 0.481894
 1.88846 500 1397 120 11.6417 0.479511
 1.88929 501 1398 120 11.65 0.47697
 1.89033 502 1399 120 11.6583 0.474268
 1.89159 503 1400 120 11.6667 0.471405
 1.89309 504 1401 120 11.675 0.468375
 1.89481 505 1402 120 11.6833 0.465176
 1.89678 506 1403 120 11.6917 0.461805
 1.899 507 1404 120 11.7 0.458258
 1.90147 508 1405 120 11.7083 0.45453
 1.90421 509 1406 120 11.7167 0.450617
 1.90722 510 1407 120 11.725 0.446514
 1.91052 511 1408 120 11.7333 0.442217
 1.91411 512 1409 120 11.7417 0.437718
 1.91801 513 1410 120 11.75 0.433013
 1.92224 514 1411 120 11.7583 0.428093
 1.9268 515 1412 120 11.7667 0.422953
 1.93172 516 1413 120 11.775 0.417582
 1.93701 517 1414 120 11.7833 0.411974
 1.9427 518 1415 120 11.7917 0.406116
 1.9488 519 1416 120 11.8 0.4
 1.95535 520 1417 120 11.8083 0.393612
 1.96237 521 1418 120 11.8167 0.38694
 1.9699 522 1419 120 11.825 0.379967
 1.97796 523 1420 120 11.8333 0.372678
 1.98661 524 1421 120 11.8417 0.365053
 1.99589 525 1422 120 11.85 0.357071
 2.00586 526 1423 120 11.8583 0.348708
 2.01658 527 1424 120 11.8667 0.339935
 2.02812 528 1425 120 11.875 0.330719
 2.04058 529 1426 120 11.8833 0.321023
 2.05405 530 1427 120 11.8917 0.310801
 2.06867 531 1428 120 11.9 0.3
 2.08458 532 1429 120 11.9083 0.288555
 2.10197 533 1430 120 11.9167 0.276385
 2.1211 534 1431 120 11.925 0.263391
 2.14226 535 1432 120 11.9333 0.249444
 2.16588 536 1433 120 11.9417 0.234373
 2.19254 537 1434 120 11.95 0.217945
 2.22306 538 1435 120 11.9583 0.199826
 2.25874 539 1436 120 11.9667 0.179505
 2.30175 540 1437 120 11.975 0.156125
 2.35638 541 1438 120 11.9833 0.128019
 2.43374 542 1439 120 11.9917 0.0909059
 2.65193 543 1440 120 12 0
 2.43263 543 1441 120 12.0083 0.0909059
 2.35423 543 1442 120 12.0167 0.128019
 2.29859 543 1443 120 12.025 0.156125
 2.25459 543 1444 120 12.0333 0.179505
 2.21794 543 1445 120 12.0417 0.199826
 2.18646 543 1446 120 12.05 0.217945
 2.15885 543 1447 120 12.0583 0.234373
 2.13428 543 1448 120 12.0667 0.249444
 2.11218 543 1449 120 12.075 0.263391
 2.09212 543 1450 120 12.0833 0.276385
 2.07379 543 1451 120 12.0917 0.288555
 2.05695 543 1452 120 12.1 0.3
 2.0414 543 1453 120 12.1083 0.310801
 2.027 543 1454 120 12.1167 0.321023
 2.01362 543 1455 120 12.125 0.330719
 2.00114 543 1456 120 12.1333 0.339935
 1.98949 543 1457 120 12.1417 0.348708
 1.97859 543 1458 120 12.15 0.357071
 1.96837 543 1459 120 12.1583 0.365053
 1.95877 543 1460 120 12.1667 0.372678
 1.94976 543 1461 120 12.175 0.379967
 1.94129 543 1462 120 12.1833 0.38694
 1.93331 543 1463 120 12.1917 0.393612
 1.92581 543 1464 120 12.2 0.4
 1.91874 543 1465 120 12.2083 0.406116
 1.91209 543 1466 120 12.2167 0.411974
 1.90582 543 1467 120 12.225 0.417582
 1.89992 543 1468 120 12.2333 0.422953
 1.89437 543 1469 120 12.2417 0.428093
 1.88915 543 1470 120 12.25 0.433013
 1.88425 543 1471 120 12.2583 0.437718
 1.87965 543 1472 120 12.2667 0.442217
 1.87534 543 1473 120 12.275 0.446514
 1.87131 543 1474 120 12.2833 0.450617
 1.86754 543 1475 120 12.2917 0.45453
 1.86403 543 1476 120 12.3 0.458258
 1.86076 543 1477 120 12.3083 0.461805
 1.85774 543 1478 120 12.3167 0.465176
 1.85495 543 1479 120 12.325 0.468375
 1.85238 543 1480 120 12.3333 0.471405
 1.85003 543 1481 120 12.3417 0.474268
 1.84789 543 1482 120 12.35 0.47697
 1.84596 543 1483 120 12.3583 0.479511
 1.84424 543 1484 120 12.3667 0.481894
 1.84271 543 1485 120 12.375 0.484123
 1.84137 543 1486 120 12.3833 0.486198
 1.84023 543 1487 120 12.3917 0.488123
 1.83927 543 1488 120 12.4 0.489898
 1.8385 543 1489 120 12.4083 0.491525
 1.83791 543 1490 120 12.4167 0.493007
 1.8375 543 1491 120 12.425 0.494343
 1.83727 543 1492 120 12.4333 0.495536
 1.83721 543 1493 120 12.4417 0.496586
 1.83732 543 1494 120 12.45 0.497494
 1.83761 543 1495 120 12.4583 0.498261
 1.83807 543 1496 120 12.4667 0.498888
 1.8387 543 1497 120 12.475 0.499375
 1.83951 543 1498 120 12.4833 0.499722
 1.84048 543 1499 120 12.4917 0.499931
 1.84162 543 1500 120 12.5 0.5
 1.84293 543 1501 120 12.5083 0.499931
 1.84442 543 1502 120 12.5167 0.499722
 1.84607 543 1503 120 12.525 0.499375
 1.8479 543 1504 120 12.5333 0.498888
 1.8499 543 1505 120 12.5417 0.498261
 1.85208 543 1506 120 12.55 0.497494
 1.85444 543 1507 120 12.5583 0.496586
 1.85697 543 1508 120 12.5667 0.495536
 1.85968 543 1509 120 12.575 0.494343
 1.86258 543 1510 120 12.5833 0.493007
 1.86567 543 1511 120 12.5917 0.491525
 1.86894 543 1512 120 12.6 0.489898
 1.87241 543 1513 120 12.6083 0.488123
 1.87607 543 1514 120 12.6167 0.486198
 1.87648 544 1515 120 12.625 0.484123
 1.88054 544 1516 120 12.6333 0.481894
 1.88481 544 1517 120 12.6417 0.479511
 1.88584 545 1518 120 12.65 0.47697
 1.88707 546 1519 120 12.6583 0.474268
 1.88853 547 1520 120 12.6667 0.471405
 1.89022 548 1521 120 12.675 0.468375
 1.89214 549 1522 120 12.6833 0.465176
 1.8943 550 1523 120 12.6917 0.461805
 1.8967 551 1524 120 12.7 0.458258
 1.89936 552 1525 120 12.7083 0.45453
 1.90229 553 1526 120 12.7167 0.450617
 1.90549 554 1527 120 12.725 0.446514
 1.90897 555 1528 120 12.7333 0.442217
 1.91275 556 1529 120 12.7417 0.437718
 1.91684 557 1530 120 12.75 0.433013
 1.92125 558 1531 120 12.7583 0.428093
 1.926 559 1532 120 12.7667 0.422953
 1.9311 560 1533 120 12.775 0.417582
 1.93658 561 1534 120 12.7833 0.411974
 1.94245 562 1535 120 12.7917 0.406116
 1.94874 563 1536 120 12.8 0.4
 1.95548 564 1537 120 12.8083 0.393612
 1.96268 565 1538 120 12.8167 0.38694
 1.9704 566 1539 120 12.825 0.379967
 1.97865 567 1540 120 12.8333 0.372678
 1.98749 568 1541 120 12.8417 0.365053
 1.99696 569 1542 120 12.85 0.357071
 2.00712 570 1543 120 12.8583 0.348708
 2.01803 571 1544 120 12.8667 0.339935
 2.02977 572 1545 120 12.875 0.330719
 2.04242 573 1546 120 12.8833 0.321023
 2.05609 574 1547 120 12.8917 0.310801
 2.0709 575 1548 120 12.9 0.3
 2.08702 576 1549 120 12.9083 0.288555
 2.10462 577 1550 120 12.9167 0.276385
 2.12396 578 1551 120 12.925 0.263391
 2.14534 579 1552 120 12.9333 0.249444
 2.16919 580 1553 120 12.9417 0.234373
 2.19608 581 1554 120 12.95 0.217945
 2.22684 582 1555 120 12.9583 0.199826
 2.26277 583 1556 120 12.9667 0.179505
 2.30606 584 1557 120 12.975 0.156125
 2.361 585 1558 120 12.9833 0.128019
 2.43872 586 1559 120 12.9917 0.0909059
 2.65758 587 1560 120 13 0
 2.43768 587 1561 120 13.0083 0.0909059
 2.35899 587 1562 120 13.0167 0.128019
 2.30312 587 1563 120 13.025 0.156125
 2.25891 587 1564 120 13.0333 0.179505
 2.22207 587 1565 120 13.0417 0.199826
 2.19041 587 1566 120 13.05 0.217945
 2.16264 587 1567 120 13.0583 0.234373
 2.13792 587 1568 120 13.0667 0.249444
 2.11567 587 1569 120 13.075 0.263391
 2.09546 587 1570 120 13.0833 0.276385
 2.07699 587 1571 120 13.0917 0.288555
 2.06002 587 1572 120 13.1 0.3
 2.04434 587 1573 120 13.1083 0.310801
 2.02981 587 1574 120 13.1167 0.321023
 2.0163 587 1575 120 13.125 0.330719
 2.00371 587 1576 120 13.1333 0.339935
 1.99194 587 1577 120 13.1417 0.348708
 1.98092 587 1578 120 13.15 0.357071
 1.97058 587 1579 120 13.1583 0.365053
 1.96088 587 1580 120 13.1667 0.372678
 1.95175 587 1581 120 13.175 0.379967
 1.94317 587 1582 120 13.1833 0.38694
 1.93509 587 1583 120 13.1917 0.393612
 1.92748 587 1584 120 13.2 0.4
 1.9203 587 1585 120 13.2083 0.406116
 1.91354 587 1586 120 13.2167 0.411974
 1.90717 587 1587 120 13.225 0.417582
 1.90117 587 1588 120 13.2333 0.422953
 1.89552 587 1589 120 13.2417 0.428093
 1.89021 587 1590 120 13.25 0.433013
 1.8852 587 1591 120 13.2583 0.437718
 1.8805 587 1592 120 13.2667 0.442217
 1.8761 587 1593 120 13.275 0.446514
 1.87196 587 1594 120 13.2833 0.450617
 1.8681 587 1595 120 13.2917 0.45453
 1.86449 587 1596 120 13.3 0.458258
 1.86113 587 1597 120 13.3083 0.461805
 1.85801 587 1598 120 13.3167 0.465176
 1.85513 587 1599 120 13.325 0.468375
 1.85246 587 1600 120 13.3333 0.471405
 1.85002 587 1601 120 13.3417 0.474268
 1.84779 587 1602 120 13.35 0.47697
 1.84577 587 1603 120 13.3583 0.479511
 1.84395 587 1604 120 13.3667 0.481894
 1.84233 587 1605 120 13.375 0.484123
 1.8409 587 1606 120 13.3833 0.486198
 1.83967 587 1607 120 13.3917 0.488123
 1.83862 587 1608 120 13.4 0.489898
 1.83775 587 1609 120 13.4083 0.491525
 1.83707 587 1610 120 13.4167 0.493007
 1.83657 587 1611 120 13.425 0.494343
 1.83624 587 1612 120 13.4333 0.495536
 1.83609 587 1613 120 13.4417 0.496586
 1.83612 587 1614 120 13.45 0.497494
 1.83631 587 1615 120 13.4583 0.498261
 1.83668 587 1616 120 13.4667 0.498888
 1.83722 587 1617 120 13.475 0.499375
 1.83793 587 1618 120 13.4833 0.499722
 1.83881 587 1619 120 13.4917 0.499931
 1.83986 587 1620 120 13.5 0.5
 1.84108 587 1621 120 13.5083 0.499931
 1.84248 587 1622 120 13.5167 0.499722
 1.84404 587 1623 120 13.525 0.499375
 1.84578 587 1624 120 13.5333 0.498888
 1.84768 587 1625 120 13.5417 0.498261
 1.84977 587 1626 120 13.55 0.497494
 1.85203 587 1627 120 13.5583 0.496586
 1.85447 587 1628 120 13.5667 0.495536
 1.85709 587 1629 120 13.575 0.494343
 1.85989 587 1630 120 13.5833 0.493007
 1.86288 587 1631 120 13.5917 0.491525
 1.86606 587 1632 120 13.6 0.489898
 1.86943 587 1633 120 13.6083 0.488123
 1.873 587 1634 120 13.6167 0.486198
 1.87357 588 1635 120 13.625 0.484123
 1.87754 588 1636 120 13.6333 0.481894
 1.88171 588 1637 120 13.6417 0.479511
 1.8829 589 1638 120 13.65 0.47697
 1.8843 590 1639 120 13.6583 0.474268
 1.88592 591 1640 120 13.6667 0.471405
 1.88777 592 1641 120 13.675 0.468375
 1.88986 593 1642 120 13.6833 0.465176
 1.89218 594 1643 120 13.6917 0.461805
 1.89474 595 1644 120 13.7 0.458258
 1.89757 596 1645 120 13.7083 0.45453
 1.90065 597 1646 120 13.7167 0.450617
 1.90401 598 1647 120 13.725 0.446514
 1.90766 599 1648 120 13.7333 0.442217
 1.91159 600 1649 120 13.7417 0.437718
 1.91584 601 1650 120 13.75 0.433013
 1.92041 602 1651 120 13.7583 0.428093
 1.92532 603 1652 120 13.7667 0.422953
 1.93058 604 1653 120 13.775 0.417582
 1.93621 605 1654 120 13.7833 0.411974
 1.94225 606 1655 120 13.7917 0.406116
 1.94869 607 1656 120 13.8 0.4
 1.95559 608 1657 120 13.8083 0.393612
 1.96295 609 1658 120 13.8167 0.38694
 1.97082 610 1659 120 13.825 0.379967
 1.97924 611 1660 120 13.8333 0.372678
 1.98824 612 1661 120 13.8417 0.365053
 1.99787 613 1662 120 13.85 0.357071
 2.0082 614 1663 120 13.8583 0.348708
 2.01927 615 1664 120 13.8667 0.339935
 2.03117 616 1665 120 13.875 0.330719
 2.04399 617 1666 120 13.8833 0.321023
 2.05783 618 1667 120 13.8917 0.310801
 2.07282 619 1668 120 13.9 0.3
 2.08911 620 1669 120 13.9083 0.288555
 2.1069 621 1670 120 13.9167 0.276385
 2.12642 622 1671 120 13.925 0.263391
 2.14799 623 1672 120 13.9333 0.249444
 2.17203 624 1673 120 13.9417 0.234373
 2.19911 625 1674 120 13.95 0.217945
 2.23009 626 1675 120 13.9583 0.199826
 2.26624 627 1676 120 13.9667 0.179505
 2.30977 628 1677 120 13.975 0.156125
 2.36497 629 1678 120 13.9833 0.128019
 2.443 630 1679 120 13.9917 0.0909059
 2.66244 631 1680 120 14 0
 2.44203 631 1681 120 14.0083 0.0909059
 2.36309 631 1682 120 14.0167 0.128019
 2.30701 631 1683 120 14.025 0.156125
 2.26263 631 1684 120 14.0333 0.179505
 2.22563 631 1685 120 14.0417 0.199826
 2.19382 631 1686 120 14.05 0.217945
 2.16591 631 1687 120 14.0583 0.234373
 2.14105 631 1688 120 14.0667 0.249444
 2.11867 631 1689 120 14.075 0.263391
 2.09834 631 1690 120 14.0833 0.276385
 2.07975 631 1691 120 14.0917 0.288555
 2.06266 631 1692 120 14.1 0.3
 2.04687 631 1693 120 14.1083 0.310801
 2.03223 631 1694 120 14.1167 0.321023
 2.01862 631 1695 120 14.125 0.330719
 2.00592 631 1696 120 14.1333 0.339935
 1.99404 631 1697 120 14.1417 0.348708
 1.98292 631 1698 120 14.15 0.357071
 1.97249 631 1699 120 14.1583 0.365053
 1.96269 631 1700 120 14.1667 0.372678
 1.95347 631 1701 120 14.175 0.379967
 1.94479 631 1702 120 14.1833 0.38694
 1.93662 631 1703 120 14.1917 0.393612
 1.92891 631 1704 120 14.2 0.4
 1.92165 631 1705 120 14.2083 0.406116
 1.9148 631 1706 120 14.2167 0.411974
 1.90834 631 1707 120 14.225 0.417582
 1.90225 631 1708 120 14.2333 0.422953
 1.89651 631 1709 120 14.2417 0.428093
 1.89111 631 1710 120 14.25 0.433013
 1.88602 631 1711 120 14.2583 0.437718
 1.88124 631 1712 120 14.2667 0.442217
 1.87675 631 1713 120 14.275 0.446514
 1.87253 631 1714 120 14.2833 0.450617
 1.86858 631 1715 120 14.2917 0.45453
 1.86489 631 1716 120 14.3 0.458258
 1.86145 631 1717 120 14.3083 0.461805
 1.85825 631 1718 120 14.3167 0.465176
 1.85528 631 1719 120 14.325 0.468375
 1.85254 631 1720 120 14.3333 0.471405
 1.85001 631 1721 120 14.3417 0.474268
 1.8477 631 1722 120 14.35 0.47697
 1.8456 631 1723 120 14.3583 0.479511
 1.8437 631 1724 120 14.3667 0.481894
 1.842 631 1725 120 14.375 0.484123
 1.84049 631 1726 120 14.3833 0.486198
 1.83918 631 1727 120 14.3917 0.488123
 1.83805 631 1728 120 14.4 0.489898
 1.83711 631 1729 120 14.4083 0.491525
 1.83635 631 1730 120 14.4167 0.493007
 1.83577 631 1731 120 14.425 0.494343
 1.83536 631 1732 120 14.4333 0.495536
 1.83513 631 1733 120 14.4417 0.496586
 1.83508 631 1734 120 14.45 0.497494
 1.8352 631 1735 120 14.4583 0.498261
 1.83549 631 1736 120 14.4667 0.498888
 1.83595 631 1737 120 14.475 0.499375
 1.83658 631 1738 120 14.4833 0.499722
 1.83738 631 1739 120 14.4917 0.499931
 1.83835 631 1740 120 14.5 0.5
 1.83949 631 1741 120 14.5083 0.499931
 1.84081 631 1742 120 14.5167 0.499722
 1.84229 631 1743 120 14.525 0.499375
 1.84395 631 1744 120 14.5333 0.498888
 1.84577 631 1745 120 14.5417 0.498261
 1.84778 631 1746 120 14.55 0.497494
 1.84996 631 1747 120 14.5583 0.496586
 1.85232 631 1748 120 14.5667 0.495536
 1.85486 631 1749 120 14.575 0.494343
 1.85758 631 1750 120 14.5833 0.493007
 1.86048 631 1751 120 14.5917 0.491525
 1.86358 631 1752 120 14.6 0.489898
 1.86687 631 1753 120 14.6083 0.488123
 1.87035 631 1754 120 14.6167 0.486198
 1.87107 632 1755 120 14.625 0.484123
 1.87495 632 1756 120 14.6333 0.481894
 1.87904 632 1757 120 14.6417 0.479511
 1.88037 633 1758 120 14.65 0.47697
 1.88192 634 1759 120 14.6583 0.474268
 1.88368 635 1760 120 14.6667 0.471405
 1.88567 636 1761 120 14.675 0.468375
 1.88789 637 1762 120 14.6833 0.465176
 1.89035 638 1763 120 14.6917 0.461805
 1.89306 639 1764 120 14.7 0.458258
 1.89602 640 1765 120 14.7083 0.45453
 1.89924 641 1766 120 14.7167 0.450617
 1.90274 642 1767 120 14.725 0.446514
 1.90652 643 1768 120 14.7333 0.442217
 1.91059 644 1769 120 14.7417 0.437718
 1.91498 645 1770 120 14.75 0.433013
 1.91968 646 1771 120 14.7583 0.428093
 1.92473 647 1772 120 14.7667 0.422953
 1.93013 648 1773 120 14.775 0.417582
 1.9359 649 1774 120 14.7833 0.411974
 1.94206 650 1775 120 14.7917 0.406116
 1.94865 651 1776 120 14.8 0.4
 1.95568 652 1777 120 14.8083 0.393612
 1.96318 653 1778 120 14.8167 0.38694
 1.97119 654 1779 120 14.825 0.379967
 1.97975 655 1780 120 14.8333 0.372678
 1.98889 656 1781 120 14.8417 0.365053
 1.99866 657 1782 120 14.85 0.357071
 2.00913 658 1783 120 14.8583 0.348708
 2.02035 659 1784 120 14.8667 0.339935
 2.03239 660 1785 120 14.875 0.330719
 2.04536 661 1786 120 14.8833 0.321023
 2.05935 662 1787 120 14.8917 0.310801
 2.07449 663 1788 120 14.9 0.3
 2.09093 664 1789 120 14.9083 0.288555
 2.10887 665 1790 120 14.9167 0.276385
 2.12855 666 1791 120 14.925 0.263391
 2.15028 667 1792 120 14.9333 0.249444
 2.17449 668 1793 120 14.9417 0.234373
 2.20175 669 1794 120 14.95 0.217945
 2.23291 670 1795 120 14.9583 0.199826
 2.26926 671 1796 120 14.9667 0.179505
 2.31299 672 1797 120 14.975 0.156125
 2.36842 673 1798 120 14.9833 0.128019
 2.44672 674 1799 120 14.9917 0.0909059
 2.66667 675 1800 120 15 0
 2.44581 675 1801 120 15.0083 0.0909059
 2.36665 675 1802 120 15.0167 0.128019
 2.3104 675 1803 120 15.025 0.156125
 2.26586 675 1804 120 15.0333 0.179505
 2.22872 675 1805 120 15.0417 0.199826
 2.19678 675 1806 120 15.05 0.217945
 2.16874 675 1807 120 15.0583 0.234373
 2.14377 675 1808 120 15.0667 0.249444
 2.12127 675 1809 120 15.075 0.263391
 2.10084 675 1810 120 15.0833 0.276385
 2.08215 675 1811 120 15.0917 0.288555
 2.06496 675 1812 120 15.1 0.3
 2.04907 675 1813 120 15.1083 0.310801
 2.03434 675 1814 120 15.1167 0.321023
 2.02063 675 1815 120 15.125 0.330719
 2.00784 675 1816 120 15.1333 0.339935
 1.99587 675 1817 120 15.1417 0.348708
 1.98467 675 1818 120 15.15 0.357071
 1.97415 675 1819 120 15.1583 0.365053
 1.96426 675 1820 120 15.1667 0.372678
 1.95496 675 1821 120 15.175 0.379967
 1.9462 675 1822 120 15.1833 0.38694
 1.93794 675 1823 120 15.1917 0.393612
 1.93016 675 1824 120 15.2 0.4
 1.92282 675 1825 120 15.2083 0.406116
 1.91589 675 1826 120 15.2167 0.411974
 1.90935 675 1827 120 15.225 0.417582
 1.90319 675 1828 120 15.2333 0.422953
 1.89738 675 1829 120 15.2417 0.428093
 1.8919 675 1830 120 15.25 0.433013
 1.88673 675 1831 120 15.2583 0.437718
 1.88188 675 1832 120 15.2667 0.442217
 1.87731 675 1833 120 15.275 0.446514
 1.87302 675 1834 120 15.2833 0.450617
 1.869 675 1835 120 15.2917 0.45453
 1.86524 675 1836 120 15.3 0.458258
 1.86173 675 1837 120 15.3083 0.461805
 1.85845 675 1838 120 15.3167 0.465176
 1.85541 675 1839 120 15.325 0.468375
 1.8526 675 1840 120 15.3333 0.471405
 1.85001 675 1841 120 15.3417 0.474268
 1.84763 675 1842 120 15.35 0.47697
 1.84545 675 1843 120 15.3583 0.479511
 1.84349 675 1844 120 15.3667 0.481894
 1.84172 675 1845 120 15.375 0.484123
 1.84014 675 1846 120 15.3833 0.486198
 1.83876 675 1847 120 15.3917 0.488123
 1.83756 675 1848 120 15.4 0.489898
 1.83655 675 1849 120 15.4083 0.491525
 1.83572 675 1850 120 15.4167 0.493007
 1.83507 675 1851 120 15.425 0.494343
 1.8346 675 1852 120 15.4333 0.495536
 1.8343 675 1853 120 15.4417 0.496586
 1.83418 675 1854 120 15.45 0.497494
 1.83423 675 1855 120 15.4583 0.498261
 1.83445 675 1856 120 15.4667 0.498888
 1.83484 675 1857 120 15.475 0.499375
 1.8354 675 1858 120 15.4833 0.499722
 1.83613 675 1859 120 15.4917 0.499931
 1.83704 675 1860 120 15.5 0.5
 1.83811 675 1861 120 15.5083 0.499931
 1.83935 675 1862 120 15.5167 0.499722
 1.84077 675 1863 120 15.525 0.499375
 1.84235 675 1864 120 15.5333 0.498888
 1.84411 675 1865 120 15.5417 0.498261
 1.84605 675 1866 120 15.55 0.497494
 1.84816 675 1867 120 15.5583 0.496586
 1.85045 675 1868 120 15.5667 0.495536
 1.85291 675 1869 120 15.575 0.494343
 1.85556 675 1870 120 15.5833 0.493007
 1.8584 675 1871 120 15.5917 0.491525
 1.86143 675 1872 120 15.6 0.489898
 1.86464 675 1873 120 15.6083 0.488123
 1.86805 675 1874 120 15.6167 0.486198
 1.86889 676 1875 120 15.625 0.484123
 1.8727 676 1876 120 15.6333 0.481894
 1.87672 676 1877 120 15.6417 0.479511
 1.87817 677 1878 120 15.65 0.47697
 1.87984 678 1879 120 15.6583 0.474268
 1.88172 679 1880 120 15.6667 0.471405
 1.88384 680 1881 120 15.675 0.468375
 1.88618 681 1882 120 15.6833 0.465176
 1.88876 682 1883 120 15.6917 0.461805
 1.89159 683 1884 120 15.7 0.458258
 1.89467 684 1885 120 15.7083 0.45453
 1.89801 685 1886 120 15.7167 0.450617
 1.90163 686 1887 120 15.725 0.446514
 1.90553 687 1888 120 15.7333 0.442217
 1.90972 688 1889 120 15.7417 0.437718
 1.91422 689 1890 120 15.75 0.433013
 1.91905 690 1891 120 15.7583 0.428093
 1.92421 691 1892 120 15.7667 0.422953
 1.92973 692 1893 120 15.775 0.417582
 1.93562 693 1894 120 15.7833 0.411974
 1.94191 694 1895 120 15.7917 0.406116
 1.94861 695 1896 120 15.8 0.4
 1.95576 696 1897 120 15.8083 0.393612
 1.96339 697 1898 120 15.8167 0.38694
 1.97152 698 1899 120 15.825 0.379967
 1.98019 699 1900 120 15.8333 0.372678
 1.98946 700 1901 120 15.8417 0.365053
 1.99935 701 1902 120 15.85 0.357071
 2.00994 702 1903 120 15.8583 0.348708
 2.02129 703 1904 120 15.8667 0.339935
 2.03346 704 1905 120 15.875 0.330719
 2.04656 705 1906 120 15.8833 0.321023
 2.06067 706 1907 120 15.8917 0.310801
 2.07594 707 1908 120 15.9 0.3
 2.09252 708 1909 120 15.9083 0.288555
 2.1106 709 1910 120 15.9167 0.276385
 2.13042 710 1911 120 15.925 0.263391
 2.15229 711 1912 120 15.9333 0.249444
 2.17665 712 1913 120 15.9417 0.234373
 2.20407 713 1914 120 15.95 0.217945
 2.23538 714 1915 120 15.9583 0.199826
 2.2719 715 1916 120 15.9667 0.179505
 2.31582 716 1917 120 15.975 0.156125
 2.37144 717 1918 120 15.9833 0.128019
 2.44998 718 1919 120 15.9917 0.0909059
 2.67038 719 1920 120 16 0
 2.44913 719 1921 120 16.0083 0.0909059
 2.36978 719 1922 120 16.0167 0.128019
 2.31337 719 1923 120 16.025 0.156125
 2.2687 719 1924 120 16.0333 0.179505
 2.23143 719 1925 120 16.0417 0.199826
 2.19938 719 1926 120 16.05 0.217945
 2.17123 719 1927 120 16.0583 0.234373
 2.14616 719 1928 120 16.0667 0.249444
 2.12356 719 1929 120 16.075 0.263391
 2.10304 719 1930 120 16.0833 0.276385
 2.08425 719 1931 120 16.0917 0.288555
 2.06697 719 1932 120 16.1 0.3
 2.051 719 1933 120 16.1083 0.310801
 2.03619 719 1934 120 16.1167 0.321023
 2.02239 719 1935 120 16.125 0.330719
 2.00952 719 1936 120 16.1333 0.339935
 1.99748 719 1937 120 16.1417 0.348708
 1.9862 719 1938 120 16.15 0.357071
 1.9756 719 1939 120 16.1583 0.365053
 1.96564 719 1940 120 16.1667 0.372678
 1.95627 719 1941 120 16.175 0.379967
 1.94743 719 1942 120 16.1833 0.38694
 1.93911 719 1943 120 16.1917 0.393612
 1.93125 719 1944 120 16.2 0.4
 1.92384 719 1945 120 16.2083 0.406116
 1.91685 719 1946 120 16.2167 0.411974
 1.91024 719 1947 120 16.225 0.417582
 1.90401 719 1948 120 16.2333 0.422953
 1.89813 719 1949 120 16.2417 0.428093
 1.89259 719 1950 120 16.25 0.433013
 1.88736 719 1951 120 16.2583 0.437718
 1.88244 719 1952 120 16.2667 0.442217
 1.87781 719 1953 120 16.275 0.446514
 1.87345 719 1954 120 16.2833 0.450617
 1.86937 719 1955 120 16.2917 0.45453
 1.86554 719 1956 120 16.3 0.458258
 1.86197 719 1957 120 16.3083 0.461805
 1.85863 719 1958 120 16.3167 0.465176
 1.85553 719 1959 120 16.325 0.468375
 1.85266 719 1960 120 16.3333 0.471405
 1.85 719 1961 120 16.3417 0.474268
 1.84756 719 1962 120 16.35 0.47697
 1.84533 719 1963 120 16.3583 0.479511
 1.8433 719 1964 120 16.3667 0.481894
 1.84147 719 1965 120 16.375 0.484123
 1.83983 719 1966 120 16.3833 0.486198
 1.83839 719 1967 120 16.3917 0.488123
 1.83713 719 1968 120 16.4 0.489898
 1.83606 719 1969 120 16.4083 0.491525
 1.83517 719 1970 120 16.4167 0.493007
 1.83446 719 1971 120 16.425 0.494343
 1.83392 719 1972 120 16.4333 0.495536
 1.83357 719 1973 120 16.4417 0.496586
 1.83338 719 1974 120 16.45 0.497494
 1.83337 719 1975 120 16.4583 0.498261
 1.83353 719 1976 120 16.4667 0.498888
 1.83387 719 1977 120 16.475 0.499375
 1.83437 719 1978 120 16.4833 0.499722
 1.83504 719 1979 120 16.4917 0.499931
 1.83588 719 1980 120 16.5 0.5
 1.8369 719 1981 120 16.5083 0.499931
 1.83808 719 1982 120 16.5167 0.499722
 1.83943 719 1983 120 16.525 0.499375
 1.84096 719 1984 120 16.5333 0.498888
 1.84266 719 1985 120 16.5417 0.498261
 1.84453 719 1986 120 16.55 0.497494
 1.84658 719 1987 120 16.5583 0.496586
 1.8488 719 1988 120 16.5667 0.495536
 1.85121 719 1989 120 16.575 0.494343
 1.8538 719 1990 120 16.5833 0.493007
 1.85657 719 1991 120 16.5917 0.491525
 1.85953 719 1992 120 16.6 0.489898
 1.86269 719 1993 120 16.6083 0.488123
 1.86603 719 1994 120 16.6167 0.486198
 1.86698 720 1995 120 16.625 0.484123
 1.87073 720 1996 120 16.6333 0.481894
 1.87468 720 1997 120 16.6417 0.479511
 1.87624 721 1998 120 16.65 0.47697
 1.87801 722 1999 120 16.6583 0.474268
 1.88001 723 2000 120 16.6667 0.471405
 1.88223 724 2001 120 16.675 0.468375
 1.88467 725 2002 120 16.6833 0.465176
 1.88736 726 2003 120 16.6917 0.461805
 1.89029 727 2004 120 16.7 0.458258
 1.89348 728 2005 120 16.7083 0.45453
 1.89693 729 2006 120 16.7167 0.450617
 1.90065 730 2007 120 16.725 0.446514
 1.90465 731 2008 120 16.7333 0.442217
 1.90895 732 2009 120 16.7417 0.437718
 1.91356 733 2010 120 16.75 0.433013
 1.91849 734 2011 120 16.7583 0.428093
 1.92376 735 2012 120 16.7667 0.422953
 1.92938 736 2013 120 16.775 0.417582
 1.93538 737 2014 120 16.7833 0.411974
 1.94177 738 2015 120 16.7917 0.406116
 1.94858 739 2016 120 16.8 0.4
 1.95584 740 2017 120 16.8083 0.393612
 1.96357 741 2018 120 16.8167 0.38694
 1.9718 742 2019 120 16.825 0.379967
 1.98059 743 2020 120 16.8333 0.372678
 1.98996 744 2021 120 16.8417 0.365053
 1.99996 745 2022 120 16.85 0.357071
 2.01066 746 2023 120 16.8583 0.348708
 2.02212 747 2024 120 16.8667 0.339935
 2.0344 748 2025 120 16.875 0.330719
 2.04761 749 2026 120 16.8833 0.321023
 2.06184 750 2027 120 16.8917 0.310801
 2.07723 751 2028 120 16.9 0.3
 2.09393 752 2029 120 16.9083 0.288555
 2.11212 753 2030 120 16.9167 0.276385
 2.13207 754 2031 120 16.925 0.263391
 2.15407 755 2032 120 16.9333 0.249444
 2.17856 756 2033 120 16.9417 0.234373
 2.20611 757 2034 120 16.95 0.217945
 2.23757 758 2035 120 16.9583 0.199826
 2.27424 759 2036 120 16.9667 0.179505
 2.31832 760 2037 120 16.975 0.156125
 2.37412 761 2038 120 16.9833 0.128019
 2.45287 762 2039 120 16.9917 0.0909059
 2.67366 763 2040 120 17 0
 2.45206 763 2041 120 17.0083 0.0909059
 2.37255 763 2042 120 17.0167 0.128019
 2.316 763 2043 120 17.025 0.156125
 2.27121 763 2044 120 17.0333 0.179505
 2.23383 763 2045 120 17.0417 0.199826
 2.20168 763 2046 120 17.05 0.217945
 2.17344 763 2047 120 17.0583 0.234373
 2.14827 763 2048 120 17.0667 0.249444
 2.12559 763 2049 120 17.075 0.263391
 2.10498 763 2050 120 17.0833 0.276385
 2.08611 763 2051 120 17.0917 0.288555
 2.06876 763 2052 120 17.1 0.3
 2.05271 763 2053 120 17.1083 0.310801
 2.03782 763 2054 120 17.1167 0.321023
 2.02396 763 2055 120 17.125 0.330719
 2.01101 763 2056 120 17.1333 0.339935
 1.9989 763 2057 120 17.1417 0.348708
 1.98755 763 2058 120 17.15 0.357071
 1.97689 763 2059 120 17.1583 0.365053
 1.96686 763 2060 120 17.1667 0.372678
 1.95742 763 2061 120 17.175 0.379967
 1.94853 763 2062 120 17.1833 0.38694
 1.94014 763 2063 120 17.1917 0.393612
 1.93222 763 2064 120 17.2 0.4
 1.92475 763 2065 120 17.2083 0.406116
 1.91769 763 2066 120 17.2167 0.411974
 1.91103 763 2067 120 17.225 0.417582
 1.90474 763 2068 120 17.2333 0.422953
 1.8988 763 2069 120 17.2417 0.428093
 1.8932 763 2070 120 17.25 0.433013
 1.88791 763 2071 120 17.2583 0.437718
 1.88293 763 2072 120 17.2667 0.442217
 1.87824 763 2073 120 17.275 0.446514
 1.87384 763 2074 120 17.2833 0.450617
 1.8697 763 2075 120 17.2917 0.45453
 1.86581 763 2076 120 17.3 0.458258
 1.86218 763 2077 120 17.3083 0.461805
 1.85879 763 2078 120 17.3167 0.465176
 1.85564 763 2079 120 17.325 0.468375
 1.85271 763 2080 120 17.3333 0.471405
 1.85 763 2081 120 17.3417 0.474268
 1.8475 763 2082 120 17.35 0.47697
 1.84521 763 2083 120 17.3583 0.479511
 1.84313 763 2084 120 17.3667 0.481894
 1.84125 763 2085 120 17.375 0.484123
 1.83956 763 2086 120 17.3833 0.486198
 1.83806 763 2087 120 17.3917 0.488123
 1.83675 763 2088 120 17.4 0.489898
 1.83562 763 2089 120 17.4083 0.491525
 1.83468 763 2090 120 17.4167 0.493007
 1.83391 763 2091 120 17.425 0.494343
 1.83333 763 2092 120 17.4333 0.495536
 1.83292 763 2093 120 17.4417 0.496586
 1.83268 763 2094 120 17.45 0.497494
 1.83262 763 2095 120 17.4583 0.498261
 1.83273 763 2096 120 17.4667 0.498888
 1.83301 763 2097 120 17.475 0.499375
 1.83345 763 2098 120 17.4833 0.499722
 1.83407 763 2099 120 17.4917 0.499931
 1.83486 763 2100 120 17.5 0.5
 1.83582 763 2101 120 17.5083 0.499931
 1.83695 763 2102 120 17.5167 0.499722
 1.83825 763 2103 120 17.525 0.499375
 1.83972 763 2104 120 17.5333 0.498888
 1.84137 763 2105 120 17.5417 0.498261
 1.84318 763 2106 120 17.55 0.497494
 1.84518 763 2107 120 17.5583 0.496586
 1.84735 763 2108 120 17.5667 0.495536
 1.8497 763 2109 120 17.575 0.494343
 1.85224 763 2110 120 17.5833 0.493007
 1.85495 763 2111 120 17.5917 0.491525
 1.85786 763 2112 120 17.6 0.489898
 1.86096 763 2113 120 17.6083 0.488123
 1.86425 763 2114 120 17.6167 0.486198
 1.86529 764 2115 120 17.625 0.484123
 1.86898 764 2116 120 17.6333 0.481894
 1.87288 764 2117 120 17.6417 0.479511
 1.87453 765 2118 120 17.65 0.47697
 1.8764 766 2119 120 17.6583 0.474268
 1.87849 767 2120 120 17.6667 0.471405
 1.8808 768 2121 120 17.675 0.468375
 1.88334 769 2122 120 17.6833 0.465176
 1.88612 770 2123 120 17.6917 0.461805
 1.88915 771 2124 120 17.7 0.458258
 1.89243 772 2125 120 17.7083 0.45453
 1.89597 773 2126 120 17.7167 0.450617
 1.89978 774 2127 120 17.725 0.446514
 1.90388 775 2128 120 17.7333 0.442217
 1.90827 776 2129 120 17.7417 0.437718
 1.91297 777 2130 120 17.75 0.433013
 1.91799 778 2131 120 17.7583 0.428093
 1.92335 779 2132 120 17.7667 0.422953
 1.92907 780 2133 120 17.775 0.417582
 1.93516 781 2134 120 17.7833 0.411974
 1.94165 782 2135 120 17.7917 0.406116
 1.94855 783 2136 120 17.8 0.4
 1.9559 784 2137 120 17.8083 0.393612
 1.96372 785 2138 120 17.8167 0.38694
 1.97206 786 2139 120 17.825 0.379967
 1.98094 787 2140 120 17.8333 0.372678
 1.9904 788 2141 120 17.8417 0.365053
 2.00051 789 2142 120 17.85 0.357071
 2.0113 790 2143 120 17.8583 0.348708
 2.02285 791 2144 120 17.8667 0.339935
 2.03524 792 2145 120 17.875 0.330719
 2.04855 793 2146 120 17.8833 0.321023
 2.06288 794 2147 120 17.8917 0.310801
 2.07837 795 2148 120 17.9 0.3
 2.09518 796 2149 120 17.9083 0.288555
 2.11348 797 2150 120 17.9167 0.276385
 2.13353 798 2151 120 17.925 0.263391
 2.15565 799 2152 120 17.9333 0.249444
 2.18026 800 2153 120 17.9417 0.234373
 2.20793 801 2154 120 17.95 0.217945
 2.23952 802 2155 120 17.9583 0.199826
 2.27632 803 2156 120 17.9667 0.179505
 2.32054 804 2157 120 17.975 0.156125
 2.37651 805 2158 120 17.9833 0.128019
 2.45545 806 2159 120 17.9917 0.0909059
 2.67658 807 2160 120 18 0
 2.45467 807 2161 120 18.0083 0.0909059
 2.37501 807 2162 120 18.0167 0.128019
 2.31835 807 2163 120 18.025 0.156125
 2.27344 807 2164 120 18.0333 0.179505
 2.23597 807 2165 120 18.0417 0.199826
 2.20372 807 2166 120 18.05 0.217945
 2.1754 807 2167 120 18.0583 0.234373
 2.15015 807 2168 120 18.0667 0.249444
 2.12739 807 2169 120 18.075 0.263391
 2.10671 807 2170 120 18.0833 0.276385
 2.08777 807 2171 120 18.0917 0.288555
 2.07035 807 2172 120 18.1 0.3
 2.05423 807 2173 120 18.1083 0.310801
 2.03927 807 2174 120 18.1167 0.321023
 2.02535 807 2175 120 18.125 0.330719
 2.01234 807 2176 120 18.1333 0.339935
 2.00017 807 2177 120 18.1417 0.348708
 1.98876 807 2178 120 18.15 0.357071
 1.97804 807 2179 120 18.1583 0.365053
 1.96795 807 2180 120 18.1667 0.372678
 1.95845 807 2181 120 18.175 0.379967
 1.9495 807 2182 120 18.1833 0.38694
 1.94106 807 2183 120 18.1917 0.393612
 1.93309 807 2184 120 18.2 0.4
 1.92556 807 2185 120 18.2083 0.406116
 1.91845 807 2186 120 18.2167 0.411974
 1.91173 807 2187 120 18.225 0.417582
 1.90539 807 2188 120 18.2333 0.422953
 1.8994 807 2189 120 18.2417 0.428093
 1.89374 807 2190 120 18.25 0.433013
 1.8884 807 2191 120 18.2583 0.437718
 1.88337 807 2192 120 18.2667 0.442217
 1.87863 807 2193 120 18.275 0.446514
 1.87418 807 2194 120 18.2833 0.450617
 1.86999 807 2195 120 18.2917 0.45453
 1.86606 807 2196 120 18.3 0.458258
 1.86237 807 2197 120 18.3083 0.461805
 1.85894 807 2198 120 18.3167 0.465176
 1.85573 807 2199 120 18.325 0.468375
 1.85275 807 2200 120 18.3333 0.471405
 1.84999 807 2201 120 18.3417 0.474268
 1.84745 807 2202 120 18.35 0.47697
 1.84511 807 2203 120 18.3583 0.479511
 1.84298 807 2204 120 18.3667 0.481894
 1.84105 807 2205 120 18.375 0.484123
 1.83931 807 2206 120 18.3833 0.486198
 1.83777 807 2207 120 18.3917 0.488123
 1.83641 807 2208 120 18.4 0.489898
 1.83523 807 2209 120 18.4083 0.491525
 1.83424 807 2210 120 18.4167 0.493007
 1.83343 807 2211 120 18.425 0.494343
 1.8328 807 2212 120 18.4333 0.495536
 1.83234 807 2213 120 18.4417 0.496586
 1.83206 807 2214 120 18.45 0.497494
 1.83195 807 2215 120 18.4583 0.498261
 1.83201 807 2216 120 18.4667 0.498888
 1.83224 807 2217 120 18.475 0.499375
 1.83264 807 2218 120 18.4833 0.499722
 1.83321 807 2219 120 18.4917 0.499931
 1.83395 807 2220 120 18.5 0.5
 1.83486 807 2221 120 18.5083 0.499931
 1.83595 807 2222 120 18.5167 0.499722
 1.8372 807 2223 120 18.525 0.499375
 1.83862 807 2224 120 18.5333 0.498888
 1.84022 807 2225 120 18.5417 0.498261
 1.84199 807 2226 120 18.55 0.497494
 1.84393 807 2227 120 18.5583 0.496586
 1.84606 807 2228 120 18.5667 0.495536
 1.84836 807 2229 120 18.575 0.494343
 1.85084 807 2230 120 18.5833 0.493007
 1.85351 807 2231 120 18.5917 0.491525
 1.85637 807 2232 120 18.6 0.489898
 1.85942 807 2233 120 18.6083 0.488123
 1.86266 807 2234 120 18.6167 0.486198
 1.86379 808 2235 120 18.625 0.484123
 1.86743 808 2236 120 18.6333 0.481894
 1.87127 808 2237 120 18.6417 0.479511
 1.87301 809 2238 120 18.65 0.47697
 1.87496 810 2239 120 18.6583 0.474268
 1.87713 811 2240 120 18.6667 0.471405
 1.87953 812 2241 120 18.675 0.468375
 1.88215 813 2242 120 18.6833 0.465176
 1.88502 814 2243 120 18.6917 0.461805
 1.88813 815 2244 120 18.7 0.458258
 1.89149 816 2245 120 18.7083 0.45453
 1.89511 817 2246 120 18.7167 0.450617
 1.89901 818 2247 120 18.725 0.446514
 1.90319 819 2248 120 18.7333 0.442217
 1.90766 820 2249 120 18.7417 0.437718
 1.91245 821 2250 120 18.75 0.433013
 1.91755 822 2251 120 18.7583 0.428093
 1.92299 823 2252 120 18.7667 0.422953
 1.92879 824 2253 120 18.775 0.417582
 1.93497 825 2254 120 18.7833 0.411974
 1.94153 826 2255 120 18.7917 0.406116
 1.94852 827 2256 120 18.8 0.4
 1.95596 828 2257 120 18.8083 0.393612
 1.96387 829 2258 120 18.8167 0.38694
 1.97228 830 2259 120 18.825 0.379967
 1.98125 831 2260 120 18.8333 0.372678
 1.9908 832 2261 120 18.8417 0.365053
 2.00099 833 2262 120 18.85 0.357071
 2.01187 834 2263 120 18.8583 0.348708
 2.02351 835 2264 120 18.8667 0.339935
 2.03599 836 2265 120 18.875 0.330719
 2.04939 837 2266 120 18.8833 0.321023
 2.06381 838 2267 120 18.8917 0.310801
 2.0794 839 2268 120 18.9 0.3
 2.09629 840 2269 120 18.9083 0.288555
 2.1147 841 2270 120 18.9167 0.276385
 2.13485 842 2271 120 18.925 0.263391
 2.15707 843 2272 120 18.9333 0.249444
 2.18178 844 2273 120 18.9417 0.234373
 2.20956 845 2274 120 18.95 0.217945
 2.24126 846 2275 120 18.9583 0.199826
 2.27818 847 2276 120 18.9667 0.179505
 2.32254 848 2277 120 18.975 0.156125
 2.37864 849 2278 120 18.9833 0.128019
 2.45775 850 2279 120 18.9917 0.0909059
 2.6792 851 2280 120 19 0
 2.45702 851 2281 120 19.0083 0.0909059
 2.37722 851 2282 120 19.0167 0.128019
 2.32045 851 2283 120 19.025 0.156125
 2.27545 851 2284 120 19.0333 0.179505
 2.23789 851 2285 120 19.0417 0.199826
 2.20556 851 2286 120 19.05 0.217945
 2.17716 851 2287 120 19.0583 0.234373
 2.15184 851 2288 120 19.0667 0.249444
 2.12901 851 2289 120 19.075 0.263391
 2.10826 851 2290 120 19.0833 0.276385
 2.08926 851 2291 120 19.0917 0.288555
 2.07177 851 2292 120 19.1 0.3
 2.0556 851 2293 120 19.1083 0.310801
 2.04058 851 2294 120 19.1167 0.321023
 2.02659 851 2295 120 19.125 0.330719
 2.01353 851 2296 120 19.1333 0.339935
 2.00131 851 2297 120 19.1417 0.348708
 1.98984 851 2298 120 19.15 0.357071
 1.97906 851 2299 120 19.1583 0.365053
 1.96893 851 2300 120 19.1667 0.372678
 1.95938 851 2301 120 19.175 0.379967
 1.95038 851 2302 120 19.1833 0.38694
 1.94188 851 2303 120 19.1917 0.393612
 1.93386 851 2304 120 19.2 0.4
 1.92628 851 2305 120 19.2083 0.406116
 1.91912 851 2306 120 19.2167 0.411974
 1.91236 851 2307 120 19.225 0.417582
 1.90597 851 2308 120 19.2333 0.422953
 1.89993 851 2309 120 19.2417 0.428093
 1.89423 851 2310 120 19.25 0.433013
 1.88885 851 2311 120 19.2583 0.437718
 1.88377 851 2312 120 19.2667 0.442217
 1.87899 851 2313 120 19.275 0.446514
 1.87448 851 2314 120 19.2833 0.450617
 1.87025 851 2315 120 19.2917 0.45453
 1.86627 851 2316 120 19.3 0.458258
 1.86255 851 2317 120 19.3083 0.461805
 1.85906 851 2318 120 19.3167 0.465176
 1.85581 851 2319 120 19.325 0.468375
 1.85279 851 2320 120 19.3333 0.471405
 1.84999 851 2321 120 19.3417 0.474268
 1.8474 851 2322 120 19.35 0.47697
 1.84502 851 2323 120 19.3583 0.479511
 1.84285 851 2324 120 19.3667 0.481894
 1.84087 851 2325 120 19.375 0.484123
 1.83909 851 2326 120 19.3833 0.486198
 1.8375 851 2327 120 19.3917 0.488123
 1.8361 851 2328 120 19.4 0.489898
 1.83489 851 2329 120 19.4083 0.491525
 1.83385 851 2330 120 19.4167 0.493007
 1.833 851 2331 120 19.425 0.494343
 1.83232 851 2332 120 19.4333 0.495536
 1.83182 851 2333 120 19.4417 0.496586
 1.8315 851 2334 120 19.45 0.497494
 1.83134 851 2335 120 19.4583 0.498261
 1.83136 851 2336 120 19.4667 0.498888
 1.83155 851 2337 120 19.475 0.499375
 1.83191 851 2338 120 19.4833 0.499722
 1.83244 851 2339 120 19.4917 0.499931
 1.83314 851 2340 120 19.5 0.5
 1.83401 851 2341 120 19.5083 0.499931
 1.83504 851 2342 120 19.5167 0.499722
 1.83625 851 2343 120 19.525 0.499375
 1.83763 851 2344 120 19.5333 0.498888
 1.83919 851 2345 120 19.5417 0.498261
 1.84091 851 2346 120 19.55 0.497494
 1.84282 851 2347 120 19.5583 0.496586
 1.8449 851 2348 120 19.5667 0.495536
 1.84715 851 2349 120 19.575 0.494343
 1.84959 851 2350 120 19.5833 0.493007
 1.85222 851 2351 120 19.5917 0.491525
 1.85503 851 2352 120 19.6 0.489898
 1.85803 851 2353 120 19.6083 0.488123
 1.86123 851 2354 120 19.6167 0.486198
 1.86244 852 2355 120 19.625 0.484123
 1.86603 852 2356 120 19.6333 0.481894
 1.86983 852 2357 120 19.6417 0.479511
 1.87164 853 2358 120 19.65 0.47697
 1.87367 854 2359 120 19.6583 0.474268
 1.87592 855 2360 120 19.6667 0.471405
 1.87839 856 2361 120 19.675 0.468375
 1.88109 857 2362 120 19.6833 0.465176
 1.88403 858 2363 120 19.6917 0.461805
 1.88721 859 2364 120 19.7 0.458258
 1.89065 860 2365 120 19.7083 0.45453
 1.89434 861 2366 120 19.7167 0.450617
 1.89831 862 2367 120 19.725 0.446514
 1.90257 863 2368 120 19.7333 0.442217
 1.90712 864 2369 120 19.7417 0.437718
 1.91197 865 2370 120 19.75 0.433013
 1.91715 866 2371 120 19.7583 0.428093
 1.92267 867 2372 120 19.7667 0.422953
 1.92854 868 2373 120 19.775 0.417582
 1.93479 869 2374 120 19.7833 0.411974
 1.94144 870 2375 120 19.7917 0.406116
 1.9485 871 2376 120 19.8 0.4
 1.95601 872 2377 120 19.8083 0.393612
 1.96399 873 2378 120 19.8167 0.38694
 1.97249 874 2379 120 19.825 0.379967
 1.98153 875 2380 120 19.8333 0.372678
 1.99116 876 2381 120 19.8417 0.365053
 2.00143 877 2382 120 19.85 0.357071
 2.01239 878 2383 120 19.8583 0.348708
 2.02411 879 2384 120 19.8667 0.339935
 2.03666 880 2385 120 19.875 0.330719
 2.05014 881 2386 120 19.8833 0.321023
 2.06465 882 2387 120 19.8917 0.310801
 2.08032 883 2388 120 19.9 0.3
 2.0973 884 2389 120 19.9083 0.288555
 2.11579 885 2390 120 19.9167 0.276385
 2.13603 886 2391 120 19.925 0.263391
 2.15834 887 2392 120 19.9333 0.249444
 2.18315 888 2393 120 19.9417 0.234373
 2.21103 889 2394 120 19.95 0.217945
 2.24283 890 2395 120 19.9583 0.199826
 2.27987 891 2396 120 19.9667 0.179505
 2.32433 892 2397 120 19.975 0.156125
 2.38057 893 2398 120 19.9833 0.128019
 2.45983 894 2399 120 19.9917 0.0909059
 2.68156 895 2400 120 20 0
20 895 2400
