 0.00417538 1 1 120 0.00833333 0.0909059
 0.00836835 1 2 120 0.0166667 0.128019
 0.0125791 1 3 120 0.025 0.156125
 0.0168079 1 4 120 0.0333333 0.179505
 0.0105275 2 5 120 0.0416667 0.199826
 0.0126603 2 6 120 0.05 0.217945
 0.0148024 2 7 120 0.0583333 0.234373
 0.0169541 2 8 120 0.0666667 0.249444
 0.0127436 3 9 120 0.075 0.263391
 0.014191 3 10 120 0.0833333 0.276385
 0.0156449 3 11 120 0.0916667 0.288555
 0.0171056 3 12 120 0.1 0.3
 0.018573 3 13 120 0.108333 0.310801
 0.0200473 3 14 120 0.116667 0.321023
 0.0161464 4 15 120 0.125 0.330719
 0.0172627 4 16 120 0.133333 0.339935
 0.0183843 4 17 120 0.141667 0.348708
 0.0195114 4 18 120 0.15 0.357071
 0.020644 4 19 120 0.158333 0.365053
 0.0217823 4 20 120 0.166667 0.372678
 0.0229262 4 21 120 0.175 0.379967
 0.024076 4 22 120 0.183333 0.38694
 0.0252316 4 23 120 0.191667 0.393612
 0.0211146 5 24 120 0.2 0.4
 0.0220487 5 25 120 0.208333 0.406116
 0.0229878 5 26 120 0.216667 0.411974
 0.0239318 5 27 120 0.225 0.417582
 0.024881 5 28 120 0.233333 0.422953
 0.0258353 5 29 120 0.241667 0.428093
 0.0223291 6 30 120 0.25 0.433013
 0.0231332 6 31 120 0.258333 0.437718
 0.0239419 6 32 120 0.266667 0.442217
 0.0247551 6 33 120 0.275 0.446514
 0.0255731 6 34 120 0.283333 0.450617
 0.0263958 6 35 120 0.291667 0.45453
 0.0233343 7 36 120 0.3 0.458258
 0.0240479 7 37 120 0.308333 0.461805
 0.0247657 7 38 120 0.316667 0.465176
 0.025488 7 39 120 0.325 0.468375
 0.0229379 8 40 120 0.333333 0.471405
 0.0235778 8 41 120 0.341667 0.474268
 0.0242218 8 42 120 0.35 0.47697
 0.0248699 8 43 120 0.358333 0.479511
 0.0255222 8 44 120 0.366667 0.481894
 0.0232701 9 45 120 0.375 0.484123
 0.0238576 9 46 120 0.383333 0.486198
 0.0244492 9 47 120 0.391667 0.488123
 0.0250448 9 48 120 0.4 0.489898
 0.0230801 10 49 120 0.408333 0.491525
 0.0236237 10 50 120 0.416667 0.493007
 0.0241712 10 51 120 0.425 0.494343
 0.0247227 10 52 120 0.433333 0.495536
 0.0229803 11 53 120 0.441667 0.496586
 0.0234891 11 54 120 0.45 0.497494
 0.0240018 11 55 120 0.458333 0.498261
 0.0245185 11 56 120 0.466667 0.498888
 0.0250392 11 57 120 0.475 0.499375
 0.0234337 12 58 120 0.483333 0.499722
 0.0239188 12 59 120 0.491667 0.499931
 0.0244078 12 60 120 0.5 0.5
 0.0229854 13 61 120 0.508333 0.499931
 0.0234445 13 62 120 0.516667 0.499722
 0.0239075 13 63 120 0.525 0.499375
 0.0243746 13 64 120 0.533333 0.498888
 0.0230712 14 65 120 0.541667 0.498261
 0.0235128 14 66 120 0.55 0.497494
 0.0239586 14 67 120 0.558333 0.496586
 0.0227813 15 68 120 0.566667 0.495536
 0.0232053 15 69 120 0.575 0.494343
 0.0236335 15 70 120 0.583333 0.493007
 0.0225619 16 71 120 0.591667 0.491525
 0.0229715 16 72 120 0.6 0.489898
 0.0233855 16 73 120 0.608333 0.488123
 0.0224036 17 74 120 0.616667 0.486198
 0.0228016 17 75 120 0.625 0.484123
 0.0232041 17 76 120 0.633333 0.481894
 0.0222995 18 77 120 0.641667 0.479511
 0.0226884 18 78 120 0.65 0.47697
 0.0218672 19 79 120 0.658333 0.474268
 0.0222447 19 80 120 0.666667 0.471405
 0.022627 19 81 120 0.675 0.468375
 0.0218634 20 82 120 0.683333 0.465176
 0.0222361 20 83 120 0.691667 0.461805
 0.021537 21 84 120 0.7 0.458258
 0.0219018 21 85 120 0.708333 0.45453
 0.0212595 22 86 120 0.716667 0.450617
 0.021618 22 87 120 0.725 0.446514
 0.0219819 22 88 120 0.733333 0.442217
 0.0213798 23 89 120 0.741667 0.437718
 0.0217391 23 90 120 0.75 0.433013
 0.0211835 24 91 120 0.758333 0.428093
 0.0215398 24 92 120 0.766667 0.422953
 0.0210263 25 93 120 0.775 0.417582
 0.0205587 26 94 120 0.783333 0.411974
 0.020132 27 95 120 0.791667 0.406116
 0.0197424 28 96 120 0.8 0.4
 0.0193863 29 97 120 0.808333 0.393612
 0.0190609 30 98 120 0.816667 0.38694
 0.0187635 31 99 120 0.825 0.379967
 0.0184922 32 100 120 0.833333 0.372678
 0.0182451 33 101 120 0.841667 0.365053
 0.0180206 34 102 120 0.85 0.357071
 0.0178175 35 103 120 0.858333 0.348708
 0.0176348 36 104 120 0.866667 0.339935
 0.0174715 37 105 120 0.875 0.330719
 0.0173272 38 106 120 0.883333 0.321023
 0.0176542 38 107 120 0.891667 0.310801
 0.0175326 39 108 120 0.9 0.3
 0.0174309 40 109 120 0.908333 0.288555
 0.0173494 41 110 120 0.916667 0.276385
 0.017289 42 111 120 0.925 0.263391
 0.0172512 43 112 120 0.933333 0.249444
 0.0172381 44 113 120 0.941667 0.234373
 0.0172532 45 114 120 0.95 0.217945
 0.0173016 46 115 120 0.958333 0.199826
 0.017392 47 116 120 0.966667 0.179505
 0.0175393 48 117 120 0.975 0.156125
 0.0177735 49 118 120 0.983333 0.128019
 0.0181743 50 119 120 0.991667 0.0909059
 0.0196078 51 120 120 1 0
 0.0099063 51 121 120 1.00833 0.0909059
 0.0100092 51 122 120 1.01667 0.128019
 0.0101126 51 123 120 1.025 0.156125
 0.0102166 51 124 120 1.03333 0.179505
 0.0103211 51 125 120 1.04167 0.199826
 0.0104261 51 126 120 1.05 0.217945
 0.0105317 51 127 120 1.05833 0.234373
 0.0106379 51 128 120 1.06667 0.249444
 0.0107446 51 129 120 1.075 0.263391
 0.0108519 51 130 120 1.08333 0.276385
 0.0109598 51 131 120 1.09167 0.288555
 0.0110683 51 132 120 1.1 0.3
 0.0111774 51 133 120 1.10833 0.310801
 0.0112871 51 134 120 1.11667 0.321023
 0.0113975 51 135 120 1.125 0.330719
 0.0115084 51 136 120 1.13333 0.339935
 0.0116201 51 137 120 1.14167 0.348708
 0.0117323 51 138 120 1.15 0.357071
 0.0118453 51 139 120 1.15833 0.365053
 0.0119589 51 140 120 1.16667 0.372678
 0.0120732 51 141 120 1.175 0.379967
 0.0121882 51 142 120 1.18333 0.38694
 0.0123039 51 143 120 1.19167 0.393612
 0.0124203 51 144 120 1.2 0.4
 0.0125375 51 145 120 1.20833 0.406116
 0.0126554 51 146 120 1.21667 0.411974
 0.0127741 51 147 120 1.225 0.417582
 0.0128935 51 148 120 1.23333 0.422953
 0.0130137 51 149 120 1.24167 0.428093
 0.0131348 51 150 120 1.25 0.433013
 0.0132566 51 151 120 1.25833 0.437718
 0.0133793 51 152 120 1.26667 0.442217
 0.0135028 51 153 120 1.275 0.446514
 0.0136272 51 154 120 1.28333 0.450617
 0.0137524 51 155 120 1.29167 0.45453
 0.0138786 51 156 120 1.3 0.458258
 0.0140056 51 157 120 1.30833 0.461805
 0.0141336 51 158 120 1.31667 0.465176
 0.0142625 51 159 120 1.325 0.468375
 0.0143924 51 160 120 1.33333 0.471405
 0.0145233 51 161 120 1.34167 0.474268
 0.0146552 51 162 120 1.35 0.47697
 0.0147881 51 163 120 1.35833 0.479511
 0.0149221 51 164 120 1.36667 0.481894
 0.0150571 51 165 120 1.375 0.484123
 0.0151932 51 166 120 1.38333 0.486198
 0.0153305 51 167 120 1.39167 0.488123
 0.0154689 51 168 120 1.4 0.489898
 0.0156084 51 169 120 1.40833 0.491525
 0.0157492 51 170 120 1.41667 0.493007
 0.0158911 51 171 120 1.425 0.494343
 0.0160344 51 172 120 1.43333 0.495536
 0.0161789 51 173 120 1.44167 0.496586
 0.0163247 51 174 120 1.45 0.497494
 0.0164718 51 175 120 1.45833 0.498261
 0.0166204 51 176 120 1.46667 0.498888
 0.0167703 51 177 120 1.475 0.499375
 0.0169217 51 178 120 1.48333 0.499722
 0.0170746 51 179 120 1.49167 0.499931
 0.0168977 52 180 120 1.5 0.5
 0.0170507 52 181 120 1.50833 0.499931
 0.0172052 52 182 120 1.51667 0.499722
 0.0173614 52 183 120 1.525 0.499375
 0.0171887 53 184 120 1.53333 0.498888
 0.0173453 53 185 120 1.54167 0.498261
 0.0175035 53 186 120 1.55 0.497494
 0.0173365 54 187 120 1.55833 0.496586
 0.0174954 54 188 120 1.56667 0.495536
 0.0173352 55 189 120 1.575 0.494343
 0.0174949 55 190 120 1.58333 0.493007
 0.0173413 56 191 120 1.59167 0.491525
 0.0175021 56 192 120 1.6 0.489898
 0.017355 57 193 120 1.60833 0.488123
 0.0175171 57 194 120 1.61667 0.486198
 0.0173764 58 195 120 1.625 0.484123
 0.01754 58 196 120 1.63333 0.481894
 0.0177058 58 197 120 1.64167 0.479511
 0.017571 59 198 120 1.65 0.47697
 0.0177387 59 199 120 1.65833 0.474268
 0.0176104 60 200 120 1.66667 0.471405
 0.0177803 60 201 120 1.675 0.468375
 0.0176586 61 202 120 1.68333 0.465176
 0.0178311 61 203 120 1.69167 0.461805
 0.0177159 62 204 120 1.7 0.458258
 0.0178913 62 205 120 1.70833 0.45453
 0.017783 63 206 120 1.71667 0.450617
 0.0176811 64 207 120 1.725 0.446514
 0.0175855 65 208 120 1.73333 0.442217
 0.0174962 66 209 120 1.74167 0.437718
 0.0174129 67 210 120 1.75 0.433013
 0.0173357 68 211 120 1.75833 0.428093
 0.0172644 69 212 120 1.76667 0.422953
 0.017199 70 213 120 1.775 0.417582
 0.0171394 71 214 120 1.78333 0.411974
 0.0173264 71 215 120 1.79167 0.406116
 0.0172746 72 216 120 1.8 0.4
 0.0172289 73 217 120 1.80833 0.393612
 0.0171895 74 218 120 1.81667 0.38694
 0.0171563 75 219 120 1.825 0.379967
 0.0171297 76 220 120 1.83333 0.372678
 0.0171096 77 221 120 1.84167 0.365053
 0.0170965 78 222 120 1.85 0.357071
 0.0170906 79 223 120 1.85833 0.348708
 0.0170922 80 224 120 1.86667 0.339935
 0.0171018 81 225 120 1.875 0.330719
 0.0171199 82 226 120 1.88333 0.321023
 0.0171473 83 227 120 1.89167 0.310801
 0.0171848 84 228 120 1.9 0.3
 0.0172333 85 229 120 1.90833 0.288555
 0.0172944 86 230 120 1.91667 0.276385
 0.0173696 87 231 120 1.925 0.263391
 0.0174612 88 232 120 1.93333 0.249444
 0.0175724 89 233 120 1.94167 0.234373
 0.0177072 90 234 120 1.95 0.217945
 0.017872 91 235 120 1.95833 0.199826
 0.0180765 92 236 120 1.96667 0.179505
 0.0183372 93 237 120 1.975 0.156125
 0.0186868 94 238 120 1.98333 0.128019
 0.0192112 95 239 120 1.99167 0.0909059
 0.0208333 96 240 120 2 0
 0.010482 96 241 120 2.00833 0.0909059
 0.0105476 96 242 120 2.01667 0.128019
 0.0106136 96 243 120 2.025 0.156125
 0.01068 96 244 120 2.03333 0.179505
 0.0107468 96 245 120 2.04167 0.199826
 0.010814 96 246 120 2.05 0.217945
 0.0108816 96 247 120 2.05833 0.234373
 0.0109495 96 248 120 2.06667 0.249444
 0.0110179 96 249 120 2.075 0.263391
 0.0110867 96 250 120 2.08333 0.276385
 0.0111559 96 251 120 2.09167 0.288555
 0.0112255 96 252 120 2.1 0.3
 0.0112956 96 253 120 2.10833 0.310801
 0.0113661 96 254 120 2.11667 0.321023
 0.011437 96 255 120 2.125 0.330719
 0.0115084 96 256 120 2.13333 0.339935
 0.0115803 96 257 120 2.14167 0.348708
 0.0116526 96 258 120 2.15 0.357071
 0.0117254 96 259 120 2.15833 0.365053
 0.0117987 96 260 120 2.16667 0.372678
 0.0118725 96 261 120 2.175 0.379967
 0.0119468 96 262 120 2.18333 0.38694
 0.0120216 96 263 120 2.19167 0.393612
 0.0120969 96 264 120 2.2 0.4
 0.0121727 96 265 120 2.20833 0.406116
 0.0122491 96 266 120 2.21667 0.411974
 0.012326 96 267 120 2.225 0.417582
 0.0124035 96 268 120 2.23333 0.422953
 0.0124815 96 269 120 2.24167 0.428093
 0.0125601 96 270 120 2.25 0.433013
 0.0126393 96 271 120 2.25833 0.437718
 0.0127191 96 272 120 2.26667 0.442217
 0.0127995 96 273 120 2.275 0.446514
 0.0128805 96 274 120 2.28333 0.450617
 0.0129622 96 275 120 2.29167 0.45453
 0.0130445 96 276 120 2.3 0.458258
 0.0131275 96 277 120 2.30833 0.461805
 0.0132111 96 278 120 2.31667 0.465176
 0.0132954 96 279 120 2.325 0.468375
 0.0133805 96 280 120 2.33333 0.471405
 0.0134662 96 281 120 2.34167 0.474268
 0.0135527 96 282 120 2.35 0.47697
 0.0136399 96 283 120 2.35833 0.479511
 0.0137278 96 284 120 2.36667 0.481894
 0.0138166 96 285 120 2.375 0.484123
 0.0139061 96 286 120 2.38333 0.486198
 0.0139965 96 287 120 2.39167 0.488123
 0.0140877 96 288 120 2.4 0.489898
 0.0141798 96 289 120 2.40833 0.491525
 0.0142727 96 290 120 2.41667 0.493007
 0.0143665 96 291 120 2.425 0.494343
 0.0144612 96 292 120 2.43333 0.495536
 0.0145569 96 293 120 2.44167 0.496586
 0.0146535 96 294 120 2.45 0.497494
 0.0147511 96 295 120 2.45833 0.498261
 0.0148497 96 296 120 2.46667 0.498888
 0.0149494 96 297 120 2.475 0.499375
 0.0150501 96 298 120 2.48333 0.499722
 0.0151519 96 299 120 2.49167 0.499931
 0.0152549 96 300 120 2.5 0.5
 0.0153589 96 301 120 2.50833 0.499931
 0.0154642 96 302 120 2.51667 0.499722
 0.0155707 96 303 120 2.525 0.499375
 0.0155168 97 304 120 2.53333 0.498888
 0.0156247 97 305 120 2.54167 0.498261
 0.015734 97 306 120 2.55 0.497494
 0.0156829 98 307 120 2.55833 0.496586
 0.0157938 98 308 120 2.56667 0.495536
 0.015906 98 309 120 2.575 0.494343
 0.0160198 98 310 120 2.58333 0.493007
 0.0159721 99 311 120 2.59167 0.491525
 0.0160878 99 312 120 2.6 0.489898
 0.0160431 100 313 120 2.60833 0.488123
 0.0161609 100 314 120 2.61667 0.486198
 0.0161192 101 315 120 2.625 0.484123
 0.0162393 101 316 120 2.63333 0.481894
 0.0162008 102 317 120 2.64167 0.479511
 0.0163234 102 318 120 2.65 0.47697
 0.0162882 103 319 120 2.65833 0.474268
 0.0162558 104 320 120 2.66667 0.471405
 0.016382 104 321 120 2.675 0.468375
 0.0163531 105 322 120 2.68333 0.465176
 0.0164825 105 323 120 2.69167 0.461805
 0.0164575 106 324 120 2.7 0.458258
 0.0165904 106 325 120 2.70833 0.45453
 0.0165696 107 326 120 2.71667 0.450617
 0.0165517 108 327 120 2.725 0.446514
 0.0165369 109 328 120 2.73333 0.442217
 0.0165251 110 329 120 2.74167 0.437718
 0.0165165 111 330 120 2.75 0.433013
 0.0165112 112 331 120 2.75833 0.428093
 0.0165091 113 332 120 2.76667 0.422953
 0.0165105 114 333 120 2.775 0.417582
 0.0165154 115 334 120 2.78333 0.411974
 0.016524 116 335 120 2.79167 0.406116
 0.0165363 117 336 120 2.8 0.4
 0.0165527 118 337 120 2.80833 0.393612
 0.0165732 119 338 120 2.81667 0.38694
 0.0165982 120 339 120 2.825 0.379967
 0.0166277 121 340 120 2.83333 0.372678
 0.0166623 122 341 120 2.84167 0.365053
 0.0167021 123 342 120 2.85 0.357071
 0.0167475 124 343 120 2.85833 0.348708
 0.0167992 125 344 120 2.86667 0.339935
 0.0168575 126 345 120 2.875 0.330719
 0.0169231 127 346 120 2.88333 0.321023
 0.0169968 128 347 120 2.89167 0.310801
 0.0170796 129 348 120 2.9 0.3
 0.0171725 130 349 120 2.90833 0.288555
 0.0172771 131 350 120 2.91667 0.276385
 0.0173952 132 351 120 2.925 0.263391
 0.0175291 133 352 120 2.93333 0.249444
 0.0176821 134 353 120 2.94167 0.234373
 0.0178586 135 354 120 2.95 0.217945
 0.018065 136 355 120 2.95833 0.199826
 0.0183113 137 356 120 2.96667 0.179505
 0.0186147 138 357 120 2.975 0.156125
 0.0190088 139 358 120 2.98333 0.128019
 0.0195815 140 359 120 2.99167 0.0909059
 0.0212766 141 360 120 3 0
 0.0106902 141 361 120 3.00833 0.0909059
 0.0107423 141 362 120 3.01667 0.128019
 0.0107948 141 363 120 3.025 0.156125
 0.0108477 141 364 120 3.03333 0.179505
 0.0109008 141 365 120 3.04167 0.199826
 0.0109543 141 366 120 3.05 0.217945
 0.0110081 141 367 120 3.05833 0.234373
 0.0110623 141 368 120 3.06667 0.249444
 0.0111168 141 369 120 3.075 0.263391
 0.0111716 141 370 120 3.08333 0.276385
 0.0112268 141 371 120 3.09167 0.288555
 0.0112824 141 372 120 3.1 0.3
 0.0113383 141 373 120 3.10833 0.310801
 0.0113947 141 374 120 3.11667 0.321023
 0.0114514 141 375 120 3.125 0.330719
 0.0115084 141 376 120 3.13333 0.339935
 0.0115659 141 377 120 3.14167 0.348708
 0.0116238 141 378 120 3.15 0.357071
 0.0116821 141 379 120 3.15833 0.365053
 0.0117408 141 380 120 3.16667 0.372678
 0.0117999 141 381 120 3.175 0.379967
 0.0118595 141 382 120 3.18333 0.38694
 0.0119195 141 383 120 3.19167 0.393612
 0.0119799 141 384 120 3.2 0.4
 0.0120408 141 385 120 3.20833 0.406116
 0.0121021 141 386 120 3.21667 0.411974
 0.0121639 141 387 120 3.225 0.417582
 0.0122262 141 388 120 3.23333 0.422953
 0.012289 141 389 120 3.24167 0.428093
 0.0123523 141 390 120 3.25 0.433013
 0.012416 141 391 120 3.25833 0.437718
 0.0124803 141 392 120 3.26667 0.442217
 0.0125451 141 393 120 3.275 0.446514
 0.0126105 141 394 120 3.28333 0.450617
 0.0126764 141 395 120 3.29167 0.45453
 0.0127428 141 396 120 3.3 0.458258
 0.0128099 141 397 120 3.30833 0.461805
 0.0128774 141 398 120 3.31667 0.465176
 0.0129456 141 399 120 3.325 0.468375
 0.0130144 141 400 120 3.33333 0.471405
 0.0130838 141 401 120 3.34167 0.474268
 0.0131539 141 402 120 3.35 0.47697
 0.0132246 141 403 120 3.35833 0.479511
 0.0132959 141 404 120 3.36667 0.481894
 0.0133679 141 405 120 3.375 0.484123
 0.0134406 141 406 120 3.38333 0.486198
 0.013514 141 407 120 3.39167 0.488123
 0.0135881 141 408 120 3.4 0.489898
 0.013663 141 409 120 3.40833 0.491525
 0.0137386 141 410 120 3.41667 0.493007
 0.013815 141 411 120 3.425 0.494343
 0.0138922 141 412 120 3.43333 0.495536
 0.0139702 141 413 120 3.44167 0.496586
 0.014049 141 414 120 3.45 0.497494
 0.0141287 141 415 120 3.45833 0.498261
 0.0142093 141 416 120 3.46667 0.498888
 0.0142908 141 417 120 3.475 0.499375
 0.0143731 141 418 120 3.48333 0.499722
 0.0144565 141 419 120 3.49167 0.499931
 0.0145408 141 420 120 3.5 0.5
 0.0146261 141 421 120 3.50833 0.499931
 0.0147125 141 422 120 3.51667 0.499722
 0.0147999 141 423 120 3.525 0.499375
 0.0148884 141 424 120 3.53333 0.498888
 0.014978 141 425 120 3.54167 0.498261
 0.0150688 141 426 120 3.55 0.497494
 0.0151608 141 427 120 3.55833 0.496586
 0.0151466 142 428 120 3.56667 0.495536
 0.0152405 142 429 120 3.575 0.494343
 0.0153356 142 430 120 3.58333 0.493007
 0.0153242 143 431 120 3.59167 0.491525
 0.0154214 143 432 120 3.6 0.489898
 0.0155201 143 433 120 3.60833 0.488123
 0.0155118 144 434 120 3.61667 0.486198
 0.0156128 144 435 120 3.625 0.484123
 0.015607 145 436 120 3.63333 0.481894
 0.0156029 146 437 120 3.64167 0.479511
 0.0156005 147 438 120 3.65 0.47697
 0.0155999 148 439 120 3.65833 0.474268
 0.0157066 148 440 120 3.66667 0.471405
 0.015709 149 441 120 3.675 0.468375
 0.0158187 149 442 120 3.68333 0.465176
 0.0158243 150 443 120 3.69167 0.461805
 0.0159374 150 444 120 3.7 0.458258
 0.0159464 151 445 120 3.70833 0.45453
 0.0159576 152 446 120 3.71667 0.450617
 0.0159711 153 447 120 3.725 0.446514
 0.0159869 154 448 120 3.73333 0.442217
 0.016005 155 449 120 3.74167 0.437718
 0.0160256 156 450 120 3.75 0.433013
 0.0160489 157 451 120 3.75833 0.428093
 0.0160748 158 452 120 3.76667 0.422953
 0.0161036 159 453 120 3.775 0.417582
 0.0161353 160 454 120 3.78333 0.411974
 0.0161701 161 455 120 3.79167 0.406116
 0.0162082 162 456 120 3.8 0.4
 0.0162499 163 457 120 3.80833 0.393612
 0.0162952 164 458 120 3.81667 0.38694
 0.0163444 165 459 120 3.825 0.379967
 0.0163979 166 460 120 3.83333 0.372678
 0.016456 167 461 120 3.84167 0.365053
 0.0165189 168 462 120 3.85 0.357071
 0.0165872 169 463 120 3.85833 0.348708
 0.0166613 170 464 120 3.86667 0.339935
 0.0167417 171 465 120 3.875 0.330719
 0.0168292 172 466 120 3.88333 0.321023
 0.0169246 173 467 120 3.89167 0.310801
 0.0170288 174 468 120 3.9 0.3
 0.017143 175 469 120 3.90833 0.288555
 0.0172687 176 470 120 3.91667 0.276385
 0.0174078 177 471 120 3.925 0.263391
 0.0175627 178 472 120 3.93333 0.249444
 0.0177367 179 473 120 3.94167 0.234373
 0.0179342 180 474 120 3.95 0.217945
 0.018162 181 475 120 3.95833 0.199826
 0.01843 182 476 120 3.96667 0.179505
 0.0187558 183 477 120 3.975 0.156125
 0.0191733 184 478 120 3.98333 0.128019
 0.0197717 185 479 120 3.99167 0.0909059
 0.0215054 186 480 120 4 0
 0.0107976 186 481 120 4.00833 0.0909059
 0.0108429 186 482 120 4.01667 0.128019
 0.0108884 186 483 120 4.025 0.156125
 0.0109342 186 484 120 4.03333 0.179505
 0.0109803 186 485 120 4.04167 0.199826
 0.0110267 186 486 120 4.05 0.217945
 0.0110734 186 487 120 4.05833 0.234373
 0.0111204 186 488 120 4.06667 0.249444
 0.0111678 186 489 120 4.075 0.263391
 0.0112154 186 490 120 4.08333 0.276385
 0.0112634 186 491 120 4.09167 0.288555
 0.0113117 186 492 120 4.1 0.3
 0.0113604 186 493 120 4.10833 0.310801
 0.0114094 186 494 120 4.11667 0.321023
 0.0114587 186 495 120 4.125 0.330719
 0.0115084 186 496 120 4.13333 0.339935
 0.0115585 186 497 120 4.14167 0.348708
 0.0116089 186 498 120 4.15 0.357071
 0.0116597 186 499 120 4.15833 0.365053
 0.0117109 186 500 120 4.16667 0.372678
 0.0117625 186 501 120 4.175 0.379967
 0.0118144 186 502 120 4.18333 0.38694
 0.0118668 186 503 120 4.19167 0.393612
 0.0119195 186 504 120 4.2 0.4
 0.0119727 186 505 120 4.20833 0.406116
 0.0120263 186 506 120 4.21667 0.411974
 0.0120803 186 507 120 4.225 0.417582
 0.0121347 186 508 120 4.23333 0.422953
 0.0121896 186 509 120 4.24167 0.428093
 0.012245 186 510 120 4.25 0.433013
 0.0123008 186 511 120 4.25833 0.437718
 0.0123571 186 512 120 4.26667 0.442217
 0.0124139 186 513 120 4.275 0.446514
 0.0124711 186 514 120 4.28333 0.450617
 0.0125289 186 515 120 4.29167 0.45453
 0.0125871 186 516 120 4.3 0.458258
 0.0126459 186 517 120 4.30833 0.461805
 0.0127052 186 518 120 4.31667 0.465176
 0.0127651 186 519 120 4.325 0.468375
 0.0128255 186 520 120 4.33333 0.471405
 0.0128865 186 521 120 4.34167 0.474268
 0.012948 186 522 120 4.35 0.47697
 0.0130102 186 523 120 4.35833 0.479511
 0.013073 186 524 120 4.36667 0.481894
 0.0131363 186 525 120 4.375 0.484123
 0.0132003 186 526 120 4.38333 0.486198
 0.013265 186 527 120 4.39167 0.488123
 0.0133303 186 528 120 4.4 0.489898
 0.0133963 186 529 120 4.40833 0.491525
 0.013463 186 530 120 4.41667 0.493007
 0.0135304 186 531 120 4.425 0.494343
 0.0135985 186 532 120 4.43333 0.495536
 0.0136674 186 533 120 4.44167 0.496586
 0.0137371 186 534 120 4.45 0.497494
 0.0138075 186 535 120 4.45833 0.498261
 0.0138787 186 536 120 4.46667 0.498888
 0.0139508 186 537 120 4.475 0.499375
 0.0140237 186 538 120 4.48333 0.499722
 0.0140975 186 539 120 4.49167 0.499931
 0.0141723 186 540 120 4.5 0.5
 0.0142479 186 541 120 4.50833 0.499931
 0.0143245 186 542 120 4.51667 0.499722
 0.014402 186 543 120 4.525 0.499375
 0.0144806 186 544 120 4.53333 0.498888
 0.0145602 186 545 120 4.54167 0.498261
 0.0146409 186 546 120 4.55 0.497494
 0.0147227 186 547 120 4.55833 0.496586
 0.0148057 186 548 120 4.56667 0.495536
 0.0148102 187 549 120 4.575 0.494343
 0.0148951 187 550 120 4.58333 0.493007
 0.0149812 187 551 120 4.59167 0.491525
 0.0149885 188 552 120 4.6 0.489898
 0.0150768 188 553 120 4.60833 0.488123
 0.0151665 188 554 120 4.61667 0.486198
 0.0152577 188 555 120 4.625 0.484123
 0.0152691 189 556 120 4.63333 0.481894
 0.0152819 190 557 120 4.64167 0.479511
 0.0152962 191 558 120 4.65 0.47697
 0.0153921 191 559 120 4.65833 0.474268
 0.0154091 192 560 120 4.66667 0.471405
 0.015508 192 561 120 4.675 0.468375
 0.0155279 193 562 120 4.68333 0.465176
 0.0156301 193 563 120 4.69167 0.461805
 0.0156532 194 564 120 4.7 0.458258
 0.0156781 195 565 120 4.70833 0.45453
 0.015705 196 566 120 4.71667 0.450617
 0.0157339 197 567 120 4.725 0.446514
 0.0157648 198 568 120 4.73333 0.442217
 0.0157979 199 569 120 4.74167 0.437718
 0.0158333 200 570 120 4.75 0.433013
 0.0158711 201 571 120 4.75833 0.428093
 0.0159114 202 572 120 4.76667 0.422953
 0.0159544 203 573 120 4.775 0.417582
 0.0160001 204 574 120 4.78333 0.411974
 0.0160488 205 575 120 4.79167 0.406116
 0.0161006 206 576 120 4.8 0.4
 0.0161557 207 577 120 4.80833 0.393612
 0.0162144 208 578 120 4.81667 0.38694
 0.016277 209 579 120 4.825 0.379967
 0.0163436 210 580 120 4.83333 0.372678
 0.0164147 211 581 120 4.84167 0.365053
 0.0164906 212 582 120 4.85 0.357071
 0.0165717 213 583 120 4.85833 0.348708
 0.0166586 214 584 120 4.86667 0.339935
 0.0167518 215 585 120 4.875 0.330719
 0.016852 216 586 120 4.88333 0.321023
 0.01696 217 587 120 4.89167 0.310801
 0.0170769 218 588 120 4.9 0.3
 0.0172038 219 589 120 4.90833 0.288555
 0.0173422 220 590 120 4.91667 0.276385
 0.0174941 221 591 120 4.925 0.263391
 0.0176619 222 592 120 4.93333 0.249444
 0.017849 223 593 120 4.94167 0.234373
 0.0180599 224 594 120 4.95 0.217945
 0.0183013 225 595 120 4.95833 0.199826
 0.0185835 226 596 120 4.96667 0.179505
 0.0189241 227 597 120 4.975 0.156125
 0.0193577 228 598 120 4.98333 0.128019
 0.0199743 229 599 120 4.99167 0.0909059
 0.0217391 230 600 120 5 0
 0.0109105 230 601 120 5.00833 0.0909059
 0.0109516 230 602 120 5.01667 0.128019
 0.0109931 230 603 120 5.025 0.156125
 0.0110348 230 604 120 5.03333 0.179505
 0.0110768 230 605 120 5.04167 0.199826
 0.011119 230 606 120 5.05 0.217945
 0.0111616 230 607 120 5.05833 0.234373
 0.0112045 230 608 120 5.06667 0.249444
 0.0112476 230 609 120 5.075 0.263391
 0.0112911 230 610 120 5.08333 0.276385
 0.0113348 230 611 120 5.09167 0.288555
 0.0113789 230 612 120 5.1 0.3
 0.0114233 230 613 120 5.10833 0.310801
 0.011468 230 614 120 5.11667 0.321023
 0.0115131 230 615 120 5.125 0.330719
 0.0115585 230 616 120 5.13333 0.339935
 0.0116042 230 617 120 5.14167 0.348708
 0.0116503 230 618 120 5.15 0.357071
 0.0116967 230 619 120 5.15833 0.365053
 0.0117435 230 620 120 5.16667 0.372678
 0.0117906 230 621 120 5.175 0.379967
 0.0118381 230 622 120 5.18333 0.38694
 0.011886 230 623 120 5.19167 0.393612
 0.0119343 230 624 120 5.2 0.4
 0.011983 230 625 120 5.20833 0.406116
 0.0120321 230 626 120 5.21667 0.411974
 0.0120815 230 627 120 5.225 0.417582
 0.0121314 230 628 120 5.23333 0.422953
 0.0121817 230 629 120 5.24167 0.428093
 0.0122325 230 630 120 5.25 0.433013
 0.0122836 230 631 120 5.25833 0.437718
 0.0123353 230 632 120 5.26667 0.442217
 0.0123873 230 633 120 5.275 0.446514
 0.0124399 230 634 120 5.28333 0.450617
 0.0124929 230 635 120 5.29167 0.45453
 0.0125464 230 636 120 5.3 0.458258
 0.0126004 230 637 120 5.30833 0.461805
 0.0126549 230 638 120 5.31667 0.465176
 0.0127099 230 639 120 5.325 0.468375
 0.0127655 230 640 120 5.33333 0.471405
 0.0128215 230 641 120 5.34167 0.474268
 0.0128782 230 642 120 5.35 0.47697
 0.0129354 230 643 120 5.35833 0.479511
 0.0129931 230 644 120 5.36667 0.481894
 0.0130515 230 645 120 5.375 0.484123
 0.0131104 230 646 120 5.38333 0.486198
 0.01317 230 647 120 5.39167 0.488123
 0.0132302 230 648 120 5.4 0.489898
 0.013291 230 649 120 5.40833 0.491525
 0.0133525 230 650 120 5.41667 0.493007
 0.0134147 230 651 120 5.425 0.494343
 0.0134776 230 652 120 5.43333 0.495536
 0.0135412 230 653 120 5.44167 0.496586
 0.0136055 230 654 120 5.45 0.497494
 0.0136706 230 655 120 5.45833 0.498261
 0.0137364 230 656 120 5.46667 0.498888
 0.0138031 230 657 120 5.475 0.499375
 0.0138705 230 658 120 5.48333 0.499722
 0.0139388 230 659 120 5.49167 0.499931
 0.0140079 230 660 120 5.5 0.5
 0.014078 230 661 120 5.50833 0.499931
 0.0141489 230 662 120 5.51667 0.499722
 0.0142208 230 663 120 5.525 0.499375
 0.0142936 230 664 120 5.53333 0.498888
 0.0143674 230 665 120 5.54167 0.498261
 0.0144423 230 666 120 5.55 0.497494
 0.0145182 230 667 120 5.55833 0.496586
 0.0145952 230 668 120 5.56667 0.495536
 0.0146733 230 669 120 5.575 0.494343
 0.0147526 230 670 120 5.58333 0.493007
 0.0147689 231 671 120 5.59167 0.491525
 0.0148503 231 672 120 5.6 0.489898
 0.014933 231 673 120 5.60833 0.488123
 0.0149522 232 674 120 5.61667 0.486198
 0.0150373 232 675 120 5.625 0.484123
 0.0151237 232 676 120 5.63333 0.481894
 0.0151464 233 677 120 5.64167 0.479511
 0.0151704 234 678 120 5.65 0.47697
 0.0151958 235 679 120 5.65833 0.474268
 0.0152226 236 680 120 5.66667 0.471405
 0.0153155 236 681 120 5.675 0.468375
 0.0153451 237 682 120 5.68333 0.465176
 0.0154413 237 683 120 5.69167 0.461805
 0.0154741 238 684 120 5.7 0.458258
 0.0155086 239 685 120 5.70833 0.45453
 0.015545 240 686 120 5.71667 0.450617
 0.0155833 241 687 120 5.725 0.446514
 0.0156235 242 688 120 5.73333 0.442217
 0.0156659 243 689 120 5.74167 0.437718
 0.0157104 244 690 120 5.75 0.433013
 0.0157572 245 691 120 5.75833 0.428093
 0.0158065 246 692 120 5.76667 0.422953
 0.0158583 247 693 120 5.775 0.417582
 0.0159129 248 694 120 5.78333 0.411974
 0.0159703 249 695 120 5.79167 0.406116
 0.0160308 250 696 120 5.8 0.4
 0.0160946 251 697 120 5.80833 0.393612
 0.0161619 252 698 120 5.81667 0.38694
 0.016233 253 699 120 5.825 0.379967
 0.0163081 254 700 120 5.83333 0.372678
 0.0163877 255 701 120 5.84167 0.365053
 0.016472 256 702 120 5.85 0.357071
 0.0165615 257 703 120 5.85833 0.348708
 0.0166568 258 704 120 5.86667 0.339935
 0.0167584 259 705 120 5.875 0.330719
 0.016867 260 706 120 5.88333 0.321023
 0.0169835 261 707 120 5.89167 0.310801
 0.0171088 262 708 120 5.9 0.3
 0.0172442 263 709 120 5.90833 0.288555
 0.0173912 264 710 120 5.91667 0.276385
 0.0175517 265 711 120 5.925 0.263391
 0.0177283 266 712 120 5.93333 0.249444
 0.0179243 267 713 120 5.94167 0.234373
 0.0181443 268 714 120 5.95 0.217945
 0.0183951 269 715 120 5.95833 0.199826
 0.018687 270 716 120 5.96667 0.179505
 0.0190378 271 717 120 5.975 0.156125
 0.0194824 272 718 120 5.98333 0.128019
 0.0201116 273 719 120 5.99167 0.0909059
 0.0218978 274 720 120 6 0
 0.010987 274 721 120 6.00833 0.0909059
 0.0110255 274 722 120 6.01667 0.128019
 0.0110641 274 723 120 6.025 0.156125
 0.011103 274 724 120 6.03333 0.179505
 0.0111422 274 725 120 6.04167 0.199826
 0.0111817 274 726 120 6.05 0.217945
 0.0112215 274 727 120 6.05833 0.234373
 0.0112615 274 728 120 6.06667 0.249444
 0.0113018 274 729 120 6.075 0.263391
 0.0113424 274 730 120 6.08333 0.276385
 0.0113833 274 731 120 6.09167 0.288555
 0.0114245 274 732 120 6.1 0.3
 0.011466 274 733 120 6.10833 0.310801
 0.0115079 274 734 120 6.11667 0.321023
 0.01155 274 735 120 6.125 0.330719
 0.0115924 274 736 120 6.13333 0.339935
 0.0116352 274 737 120 6.14167 0.348708
 0.0116783 274 738 120 6.15 0.357071
 0.0117218 274 739 120 6.15833 0.365053
 0.0117656 274 740 120 6.16667 0.372678
 0.0118098 274 741 120 6.175 0.379967
 0.0118543 274 742 120 6.18333 0.38694
 0.0118991 274 743 120 6.19167 0.393612
 0.0119444 274 744 120 6.2 0.4
 0.01199 274 745 120 6.20833 0.406116
 0.012036 274 746 120 6.21667 0.411974
 0.0120824 274 747 120 6.225 0.417582
 0.0121292 274 748 120 6.23333 0.422953
 0.0121764 274 749 120 6.24167 0.428093
 0.012224 274 750 120 6.25 0.433013
 0.012272 274 751 120 6.25833 0.437718
 0.0123204 274 752 120 6.26667 0.442217
 0.0123693 274 753 120 6.275 0.446514
 0.0124187 274 754 120 6.28333 0.450617
 0.0124685 274 755 120 6.29167 0.45453
 0.0125188 274 756 120 6.3 0.458258
 0.0125695 274 757 120 6.30833 0.461805
 0.0126207 274 758 120 6.31667 0.465176
 0.0126725 274 759 120 6.325 0.468375
 0.0127247 274 760 120 6.33333 0.471405
 0.0127774 274 761 120 6.34167 0.474268
 0.0128307 274 762 120 6.35 0.47697
 0.0128845 274 763 120 6.35833 0.479511
 0.0129389 274 764 120 6.36667 0.481894
 0.0129939 274 765 120 6.375 0.484123
 0.0130494 274 766 120 6.38333 0.486198
 0.0131055 274 767 120 6.39167 0.488123
 0.0131622 274 768 120 6.4 0.489898
 0.0132196 274 769 120 6.40833 0.491525
 0.0132776 274 770 120 6.41667 0.493007
 0.0133362 274 771 120 6.425 0.494343
 0.0133955 274 772 120 6.43333 0.495536
 0.0134555 274 773 120 6.44167 0.496586
 0.0135162 274 774 120 6.45 0.497494
 0.0135777 274 775 120 6.45833 0.498261
 0.0136398 274 776 120 6.46667 0.498888
 0.0137028 274 777 120 6.475 0.499375
 0.0137665 274 778 120 6.48333 0.499722
 0.013831 274 779 120 6.49167 0.499931
 0.0138964 274 780 120 6.5 0.5
 0.0139626 274 781 120 6.50833 0.499931
 0.0140297 274 782 120 6.51667 0.499722
 0.0140977 274 783 120 6.525 0.499375
 0.0141666 274 784 120 6.53333 0.498888
 0.0142365 274 785 120 6.54167 0.498261
 0.0143074 274 786 120 6.55 0.497494
 0.0143793 274 787 120 6.55833 0.496586
 0.0144523 274 788 120 6.56667 0.495536
 0.0145263 274 789 120 6.575 0.494343
 0.0145484 275 790 120 6.58333 0.493007
 0.0146245 275 791 120 6.59167 0.491525
 0.0147018 275 792 120 6.6 0.489898
 0.0147268 276 793 120 6.60833 0.488123
 0.0148063 276 794 120 6.61667 0.486198
 0.0148871 276 795 120 6.625 0.484123
 0.0149694 276 796 120 6.63333 0.481894
 0.0149987 277 797 120 6.64167 0.479511
 0.0150294 278 798 120 6.65 0.47697
 0.0150613 279 799 120 6.65833 0.474268
 0.0150946 280 800 120 6.66667 0.471405
 0.0151834 280 801 120 6.675 0.468375
 0.0152196 281 802 120 6.68333 0.465176
 0.0153116 281 803 120 6.69167 0.461805
 0.0153509 282 804 120 6.7 0.458258
 0.0153918 283 805 120 6.70833 0.45453
 0.0154346 284 806 120 6.71667 0.450617
 0.0154792 285 807 120 6.725 0.446514
 0.0155257 286 808 120 6.73333 0.442217
 0.0155743 287 809 120 6.74167 0.437718
 0.015625 288 810 120 6.75 0.433013
 0.015678 289 811 120 6.75833 0.428093
 0.0157334 290 812 120 6.76667 0.422953
 0.0157913 291 813 120 6.775 0.417582
 0.0158519 292 814 120 6.78333 0.411974
 0.0159154 293 815 120 6.79167 0.406116
 0.0159819 294 816 120 6.8 0.4
 0.0160517 295 817 120 6.80833 0.393612
 0.016125 296 818 120 6.81667 0.38694
 0.016202 297 819 120 6.825 0.379967
 0.0162831 298 820 120 6.83333 0.372678
 0.0163686 299 821 120 6.84167 0.365053
 0.0164588 300 822 120 6.85 0.357071
 0.0165543 301 823 120 6.85833 0.348708
 0.0166556 302 824 120 6.86667 0.339935
 0.0167631 303 825 120 6.875 0.330719
 0.0168777 304 826 120 6.88333 0.321023
 0.0170002 305 827 120 6.89167 0.310801
 0.0171315 306 828 120 6.9 0.3
 0.017273 307 829 120 6.90833 0.288555
 0.0174262 308 830 120 6.91667 0.276385
 0.017593 309 831 120 6.925 0.263391
 0.0177759 310 832 120 6.93333 0.249444
 0.0179783 311 833 120 6.94167 0.234373
 0.0182049 312 834 120 6.95 0.217945
 0.0184625 313 835 120 6.95833 0.199826
 0.0187615 314 836 120 6.96667 0.179505
 0.0191198 315 837 120 6.975 0.156125
 0.0195724 316 838 120 6.98333 0.128019
 0.0202108 317 839 120 6.99167 0.0909059
 0.0220126 318 840 120 7 0
 0.0110424 318 841 120 7.00833 0.0909059
 0.0110789 318 842 120 7.01667 0.128019
 0.0111155 318 843 120 7.025 0.156125
 0.0111524 318 844 120 7.03333 0.179505
 0.0111896 318 845 120 7.04167 0.199826
 0.011227 318 846 120 7.05 0.217945
 0.0112648 318 847 120 7.05833 0.234373
 0.0113027 318 848 120 7.06667 0.249444
 0.011341 318 849 120 7.075 0.263391
 0.0113795 318 850 120 7.08333 0.276385
 0.0114184 318 851 120 7.09167 0.288555
 0.0114575 318 852 120 7.1 0.3
 0.0114969 318 853 120 7.10833 0.310801
 0.0115366 318 854 120 7.11667 0.321023
 0.0115767 318 855 120 7.125 0.330719
 0.011617 318 856 120 7.13333 0.339935
 0.0116577 318 857 120 7.14167 0.348708
 0.0116987 318 858 120 7.15 0.357071
 0.01174 318 859 120 7.15833 0.365053
 0.0117816 318 860 120 7.16667 0.372678
 0.0118236 318 861 120 7.175 0.379967
 0.0118659 318 862 120 7.18333 0.38694
 0.0119086 318 863 120 7.19167 0.393612
 0.0119516 318 864 120 7.2 0.4
 0.011995 318 865 120 7.20833 0.406116
 0.0120388 318 866 120 7.21667 0.411974
 0.012083 318 867 120 7.225 0.417582
 0.0121275 318 868 120 7.23333 0.422953
 0.0121725 318 869 120 7.24167 0.428093
 0.0122178 318 870 120 7.25 0.433013
 0.0122636 318 871 120 7.25833 0.437718
 0.0123097 318 872 120 7.26667 0.442217
 0.0123563 318 873 120 7.275 0.446514
 0.0124034 318 874 120 7.28333 0.450617
 0.0124508 318 875 120 7.29167 0.45453
 0.0124988 318 876 120 7.3 0.458258
 0.0125472 318 877 120 7.30833 0.461805
 0.012596 318 878 120 7.31667 0.465176
 0.0126454 318 879 120 7.325 0.468375
 0.0126952 318 880 120 7.33333 0.471405
 0.0127456 318 881 120 7.34167 0.474268
 0.0127964 318 882 120 7.35 0.47697
 0.0128478 318 883 120 7.35833 0.479511
 0.0128997 318 884 120 7.36667 0.481894
 0.0129522 318 885 120 7.375 0.484123
 0.0130053 318 886 120 7.38333 0.486198
 0.0130589 318 887 120 7.39167 0.488123
 0.0131131 318 888 120 7.4 0.489898
 0.0131679 318 889 120 7.40833 0.491525
 0.0132234 318 890 120 7.41667 0.493007
 0.0132794 318 891 120 7.425 0.494343
 0.0133362 318 892 120 7.43333 0.495536
 0.0133936 318 893 120 7.44167 0.496586
 0.0134517 318 894 120 7.45 0.497494
 0.0135105 318 895 120 7.45833 0.498261
 0.01357 318 896 120 7.46667 0.498888
 0.0136302 318 897 120 7.475 0.499375
 0.0136913 318 898 120 7.48333 0.499722
 0.0137531 318 899 120 7.49167 0.499931
 0.0138157 318 900 120 7.5 0.5
 0.0138792 318 901 120 7.50833 0.499931
 0.0139435 318 902 120 7.51667 0.499722
 0.0140087 318 903 120 7.525 0.499375
 0.0140748 318 904 120 7.53333 0.498888
 0.0141419 318 905 120 7.54167 0.498261
 0.0142099 318 906 120 7.55 0.497494
 0.0142789 318 907 120 7.55833 0.496586
 0.0143489 318 908 120 7.56667 0.495536
 0.01442 318 909 120 7.575 0.494343
 0.0144923 318 910 120 7.58333 0.493007
 0.0145199 319 911 120 7.59167 0.491525
 0.0145942 319 912 120 7.6 0.489898
 0.0146698 319 913 120 7.60833 0.488123
 0.0147005 320 914 120 7.61667 0.486198
 0.0147783 320 915 120 7.625 0.484123
 0.0148575 320 916 120 7.63333 0.481894
 0.0148916 321 917 120 7.64167 0.479511
 0.0149269 322 918 120 7.65 0.47697
 0.0149635 323 919 120 7.65833 0.474268
 0.0150015 324 920 120 7.66667 0.471405
 0.0150872 324 921 120 7.675 0.468375
 0.015128 325 922 120 7.68333 0.465176
 0.015217 325 923 120 7.69167 0.461805
 0.0152609 326 924 120 7.7 0.458258
 0.0153065 327 925 120 7.70833 0.45453
 0.0153538 328 926 120 7.71667 0.450617
 0.0154029 329 927 120 7.725 0.446514
 0.015454 330 928 120 7.73333 0.442217
 0.015507 331 929 120 7.74167 0.437718
 0.0155622 332 930 120 7.75 0.433013
 0.0156197 333 931 120 7.75833 0.428093
 0.0156796 334 932 120 7.76667 0.422953
 0.0157419 335 933 120 7.775 0.417582
 0.0158069 336 934 120 7.78333 0.411974
 0.0158748 337 935 120 7.79167 0.406116
 0.0159458 338 936 120 7.8 0.4
 0.0160199 339 937 120 7.80833 0.393612
 0.0160976 340 938 120 7.81667 0.38694
 0.016179 341 939 120 7.825 0.379967
 0.0162645 342 940 120 7.83333 0.372678
 0.0163544 343 941 120 7.84167 0.365053
 0.0164491 344 942 120 7.85 0.357071
 0.016549 345 943 120 7.85833 0.348708
 0.0166546 346 944 120 7.86667 0.339935
 0.0167666 347 945 120 7.875 0.330719
 0.0168857 348 946 120 7.88333 0.321023
 0.0170127 349 947 120 7.89167 0.310801
 0.0171486 350 948 120 7.9 0.3
 0.0172946 351 949 120 7.90833 0.288555
 0.0174524 352 950 120 7.91667 0.276385
 0.0176239 353 951 120 7.925 0.263391
 0.0178116 354 952 120 7.93333 0.249444
 0.0180189 355 953 120 7.94167 0.234373
 0.0182505 356 954 120 7.95 0.217945
 0.0185132 357 955 120 7.95833 0.199826
 0.0188176 358 956 120 7.96667 0.179505
 0.0191816 359 957 120 7.975 0.156125
 0.0196404 360 958 120 7.98333 0.128019
 0.0202858 361 959 120 7.99167 0.0909059
 0.0220994 362 960 120 8 0
 0.0110844 362 961 120 8.00833 0.0909059
 0.0111193 362 962 120 8.01667 0.128019
 0.0111544 362 963 120 8.025 0.156125
 0.0111898 362 964 120 8.03333 0.179505
 0.0112255 362 965 120 8.04167 0.199826
 0.0112614 362 966 120 8.05 0.217945
 0.0112975 362 967 120 8.05833 0.234373
 0.011334 362 968 120 8.06667 0.249444
 0.0113707 362 969 120 8.075 0.263391
 0.0114077 362 970 120 8.08333 0.276385
 0.0114449 362 971 120 8.09167 0.288555
 0.0114825 362 972 120 8.1 0.3
 0.0115203 362 973 120 8.10833 0.310801
 0.0115584 362 974 120 8.11667 0.321023
 0.0115969 362 975 120 8.125 0.330719
 0.0116356 362 976 120 8.13333 0.339935
 0.0116747 362 977 120 8.14167 0.348708
 0.011714 362 978 120 8.15 0.357071
 0.0117537 362 979 120 8.15833 0.365053
 0.0117937 362 980 120 8.16667 0.372678
 0.0118341 362 981 120 8.175 0.379967
 0.0118747 362 982 120 8.18333 0.38694
 0.0119158 362 983 120 8.19167 0.393612
 0.0119571 362 984 120 8.2 0.4
 0.0119989 362 985 120 8.20833 0.406116
 0.012041 362 986 120 8.21667 0.411974
 0.0120834 362 987 120 8.225 0.417582
 0.0121263 362 988 120 8.23333 0.422953
 0.0121695 362 989 120 8.24167 0.428093
 0.0122132 362 990 120 8.25 0.433013
 0.0122572 362 991 120 8.25833 0.437718
 0.0123016 362 992 120 8.26667 0.442217
 0.0123465 362 993 120 8.275 0.446514
 0.0123918 362 994 120 8.28333 0.450617
 0.0124375 362 995 120 8.29167 0.45453
 0.0124836 362 996 120 8.3 0.458258
 0.0125302 362 997 120 8.30833 0.461805
 0.0125773 362 998 120 8.31667 0.465176
 0.0126249 362 999 120 8.325 0.468375
 0.0126729 362 1000 120 8.33333 0.471405
 0.0127214 362 1001 120 8.34167 0.474268
 0.0127704 362 1002 120 8.35 0.47697
 0.01282 362 1003 120 8.35833 0.479511
 0.0128701 362 1004 120 8.36667 0.481894
 0.0129207 362 1005 120 8.375 0.484123
 0.0129718 362 1006 120 8.38333 0.486198
 0.0130236 362 1007 120 8.39167 0.488123
 0.0130759 362 1008 120 8.4 0.489898
 0.0131288 362 1009 120 8.40833 0.491525
 0.0131823 362 1010 120 8.41667 0.493007
 0.0132364 362 1011 120 8.425 0.494343
 0.0132912 362 1012 120 8.43333 0.495536
 0.0133467 362 1013 120 8.44167 0.496586
 0.0134028 362 1014 120 8.45 0.497494
 0.0134596 362 1015 120 8.45833 0.498261
 0.0135171 362 1016 120 8.46667 0.498888
 0.0135753 362 1017 120 8.475 0.499375
 0.0136343 362 1018 120 8.48333 0.499722
 0.0136941 362 1019 120 8.49167 0.499931
 0.0137547 362 1020 120 8.5 0.5
 0.013816 362 1021 120 8.50833 0.499931
 0.0138782 362 1022 120 8.51667 0.499722
 0.0139413 362 1023 120 8.525 0.499375
 0.0140053 362 1024 120 8.53333 0.498888
 0.0140702 362 1025 120 8.54167 0.498261
 0.014136 362 1026 120 8.55 0.497494
 0.0142029 362 1027 120 8.55833 0.496586
 0.0142707 362 1028 120 8.56667 0.495536
 0.0143396 362 1029 120 8.575 0.494343
 0.0144095 362 1030 120 8.58333 0.493007
 0.0144407 363 1031 120 8.59167 0.491525
 0.0145128 363 1032 120 8.6 0.489898
 0.014586 363 1033 120 8.60833 0.488123
 0.0146202 364 1034 120 8.61667 0.486198
 0.0146958 364 1035 120 8.625 0.484123
 0.0147727 364 1036 120 8.63333 0.481894
 0.0148102 365 1037 120 8.64167 0.479511
 0.0148491 366 1038 120 8.65 0.47697
 0.0148891 367 1039 120 8.65833 0.474268
 0.0149306 368 1040 120 8.66667 0.471405
 0.015014 368 1041 120 8.675 0.468375
 0.0150583 369 1042 120 8.68333 0.465176
 0.015145 369 1043 120 8.69167 0.461805
 0.0151923 370 1044 120 8.7 0.458258
 0.0152413 371 1045 120 8.70833 0.45453
 0.0152921 372 1046 120 8.71667 0.450617
 0.0153446 373 1047 120 8.725 0.446514
 0.0153991 374 1048 120 8.73333 0.442217
 0.0154556 375 1049 120 8.74167 0.437718
 0.0155142 376 1050 120 8.75 0.433013
 0.015575 377 1051 120 8.75833 0.428093
 0.0156382 378 1052 120 8.76667 0.422953
 0.015704 379 1053 120 8.775 0.417582
 0.0157724 380 1054 120 8.78333 0.411974
 0.0158436 381 1055 120 8.79167 0.406116
 0.0159179 382 1056 120 8.8 0.4
 0.0159955 383 1057 120 8.80833 0.393612
 0.0160765 384 1058 120 8.81667 0.38694
 0.0161613 385 1059 120 8.825 0.379967
 0.0162502 386 1060 120 8.83333 0.372678
 0.0163434 387 1061 120 8.84167 0.365053
 0.0164415 388 1062 120 8.85 0.357071
 0.0165448 389 1063 120 8.85833 0.348708
 0.0166539 390 1064 120 8.86667 0.339935
 0.0167693 391 1065 120 8.875 0.330719
 0.0168919 392 1066 120 8.88333 0.321023
 0.0170224 393 1067 120 8.89167 0.310801
 0.0171618 394 1068 120 8.9 0.3
 0.0173114 395 1069 120 8.90833 0.288555
 0.0174729 396 1070 120 8.91667 0.276385
 0.017648 397 1071 120 8.925 0.263391
 0.0178394 398 1072 120 8.93333 0.249444
 0.0180506 399 1073 120 8.94167 0.234373
 0.0182861 400 1074 120 8.95 0.217945
 0.0185529 401 1075 120 8.95833 0.199826
 0.0188615 402 1076 120 8.96667 0.179505
 0.0192299 403 1077 120 8.975 0.156125
 0.0196935 404 1078 120 8.98333 0.128019
 0.0203445 405 1079 120 8.99167 0.0909059
 0.0221675 406 1080 120 9 0
 0.0111172 406 1081 120 9.00833 0.0909059
 0.0111509 406 1082 120 9.01667 0.128019
 0.0111849 406 1083 120 9.025 0.156125
 0.0112191 406 1084 120 9.03333 0.179505
 0.0112535 406 1085 120 9.04167 0.199826
 0.0112882 406 1086 120 9.05 0.217945
 0.0113232 406 1087 120 9.05833 0.234373
 0.0113584 406 1088 120 9.06667 0.249444
 0.0113939 406 1089 120 9.075 0.263391
 0.0114297 406 1090 120 9.08333 0.276385
 0.0114657 406 1091 120 9.09167 0.288555
 0.011502 406 1092 120 9.1 0.3
 0.0115386 406 1093 120 9.10833 0.310801
 0.0115755 406 1094 120 9.11667 0.321023
 0.0116127 406 1095 120 9.125 0.330719
 0.0116502 406 1096 120 9.13333 0.339935
 0.011688 406 1097 120 9.14167 0.348708
 0.0117261 406 1098 120 9.15 0.357071
 0.0117645 406 1099 120 9.15833 0.365053
 0.0118032 406 1100 120 9.16667 0.372678
 0.0118423 406 1101 120 9.175 0.379967
 0.0118816 406 1102 120 9.18333 0.38694
 0.0119214 406 1103 120 9.19167 0.393612
 0.0119615 406 1104 120 9.2 0.4
 0.0120019 406 1105 120 9.20833 0.406116
 0.0120427 406 1106 120 9.21667 0.411974
 0.0120838 406 1107 120 9.225 0.417582
 0.0121253 406 1108 120 9.23333 0.422953
 0.0121672 406 1109 120 9.24167 0.428093
 0.0122095 406 1110 120 9.25 0.433013
 0.0122522 406 1111 120 9.25833 0.437718
 0.0122953 406 1112 120 9.26667 0.442217
 0.0123388 406 1113 120 9.275 0.446514
 0.0123827 406 1114 120 9.28333 0.450617
 0.012427 406 1115 120 9.29167 0.45453
 0.0124718 406 1116 120 9.3 0.458258
 0.012517 406 1117 120 9.30833 0.461805
 0.0125627 406 1118 120 9.31667 0.465176
 0.0126088 406 1119 120 9.325 0.468375
 0.0126554 406 1120 120 9.33333 0.471405
 0.0127025 406 1121 120 9.34167 0.474268
 0.0127501 406 1122 120 9.35 0.47697
 0.0127982 406 1123 120 9.35833 0.479511
 0.0128468 406 1124 120 9.36667 0.481894
 0.012896 406 1125 120 9.375 0.484123
 0.0129457 406 1126 120 9.38333 0.486198
 0.0129959 406 1127 120 9.39167 0.488123
 0.0130467 406 1128 120 9.4 0.489898
 0.0130982 406 1129 120 9.40833 0.491525
 0.0131502 406 1130 120 9.41667 0.493007
 0.0132028 406 1131 120 9.425 0.494343
 0.013256 406 1132 120 9.43333 0.495536
 0.0133099 406 1133 120 9.44167 0.496586
 0.0133645 406 1134 120 9.45 0.497494
 0.0134197 406 1135 120 9.45833 0.498261
 0.0134757 406 1136 120 9.46667 0.498888
 0.0135323 406 1137 120 9.475 0.499375
 0.0135897 406 1138 120 9.48333 0.499722
 0.0136479 406 1139 120 9.49167 0.499931
 0.0137068 406 1140 120 9.5 0.5
 0.0137666 406 1141 120 9.50833 0.499931
 0.0138271 406 1142 120 9.51667 0.499722
 0.0138886 406 1143 120 9.525 0.499375
 0.0139509 406 1144 120 9.53333 0.498888
 0.0140141 406 1145 120 9.54167 0.498261
 0.0140782 406 1146 120 9.55 0.497494
 0.0141433 406 1147 120 9.55833 0.496586
 0.0142094 406 1148 120 9.56667 0.495536
 0.0142766 406 1149 120 9.575 0.494343
 0.0143448 406 1150 120 9.58333 0.493007
 0.0143787 407 1151 120 9.59167 0.491525
 0.0144489 407 1152 120 9.6 0.489898
 0.0145204 407 1153 120 9.60833 0.488123
 0.0145573 408 1154 120 9.61667 0.486198
 0.014631 408 1155 120 9.625 0.484123
 0.0147061 408 1156 120 9.63333 0.481894
 0.0147464 409 1157 120 9.64167 0.479511
 0.0147879 410 1158 120 9.65 0.47697
 0.0148307 411 1159 120 9.65833 0.474268
 0.0148748 412 1160 120 9.66667 0.471405
 0.0149565 412 1161 120 9.675 0.468375
 0.0150034 413 1162 120 9.68333 0.465176
 0.0150883 413 1163 120 9.69167 0.461805
 0.0151383 414 1164 120 9.7 0.458258
 0.01519 415 1165 120 9.70833 0.45453
 0.0152434 416 1166 120 9.71667 0.450617
 0.0152987 417 1167 120 9.725 0.446514
 0.0153558 418 1168 120 9.73333 0.442217
 0.0154149 419 1169 120 9.74167 0.437718
 0.0154762 420 1170 120 9.75 0.433013
 0.0155397 421 1171 120 9.75833 0.428093
 0.0156056 422 1172 120 9.76667 0.422953
 0.0156739 423 1173 120 9.775 0.417582
 0.015745 424 1174 120 9.78333 0.411974
 0.0158189 425 1175 120 9.79167 0.406116
 0.0158959 426 1176 120 9.8 0.4
 0.0159761 427 1177 120 9.80833 0.393612
 0.0160598 428 1178 120 9.81667 0.38694
 0.0161472 429 1179 120 9.825 0.379967
 0.0162388 430 1180 120 9.83333 0.372678
 0.0163347 431 1181 120 9.84167 0.365053
 0.0164355 432 1182 120 9.85 0.357071
 0.0165415 433 1183 120 9.85833 0.348708
 0.0166533 434 1184 120 9.86667 0.339935
 0.0167715 435 1185 120 9.875 0.330719
 0.0168968 436 1186 120 9.88333 0.321023
 0.0170301 437 1187 120 9.89167 0.310801
 0.0171724 438 1188 120 9.9 0.3
 0.0173249 439 1189 120 9.90833 0.288555
 0.0174892 440 1190 120 9.91667 0.276385
 0.0176673 441 1191 120 9.925 0.263391
 0.0178617 442 1192 120 9.93333 0.249444
 0.0180759 443 1193 120 9.94167 0.234373
 0.0183146 444 1194 120 9.95 0.217945
 0.0185847 445 1195 120 9.95833 0.199826
 0.0188967 446 1196 120 9.96667 0.179505
 0.0192688 447 1197 120 9.975 0.156125
 0.0197363 448 1198 120 9.98333 0.128019
 0.0203917 449 1199 120 9.99167 0.0909059
 0.0222222 450 1200 120 10 0
 0.0111436 450 1201 120 10.0083 0.0909059
 0.0111764 450 1202 120 10.0167 0.128019
 0.0112094 450 1203 120 10.025 0.156125
 0.0112426 450 1204 120 10.0333 0.179505
 0.0112761 450 1205 120 10.0417 0.199826
 0.0113099 450 1206 120 10.05 0.217945
 0.0113438 450 1207 120 10.0583 0.234373
 0.0113781 450 1208 120 10.0667 0.249444
 0.0114126 450 1209 120 10.075 0.263391
 0.0114474 450 1210 120 10.0833 0.276385
 0.0114824 450 1211 120 10.0917 0.288555
 0.0115177 450 1212 120 10.1 0.3
 0.0115534 450 1213 120 10.1083 0.310801
 0.0115892 450 1214 120 10.1167 0.321023
 0.0116254 450 1215 120 10.125 0.330719
 0.0116619 450 1216 120 10.1333 0.339935
 0.0116987 450 1217 120 10.1417 0.348708
 0.0117357 450 1218 120 10.15 0.357071
 0.0117731 450 1219 120 10.1583 0.365053
 0.0118108 450 1220 120 10.1667 0.372678
 0.0118489 450 1221 120 10.175 0.379967
 0.0118872 450 1222 120 10.1833 0.38694
 0.0119259 450 1223 120 10.1917 0.393612
 0.0119649 450 1224 120 10.2 0.4
 0.0120043 450 1225 120 10.2083 0.406116
 0.012044 450 1226 120 10.2167 0.411974
 0.0120841 450 1227 120 10.225 0.417582
 0.0121245 450 1228 120 10.2333 0.422953
 0.0121654 450 1229 120 10.2417 0.428093
 0.0122066 450 1230 120 10.25 0.433013
 0.0122482 450 1231 120 10.2583 0.437718
 0.0122902 450 1232 120 10.2667 0.442217
 0.0123325 450 1233 120 10.275 0.446514
 0.0123754 450 1234 120 10.2833 0.450617
 0.0124186 450 1235 120 10.2917 0.45453
 0.0124622 450 1236 120 10.3 0.458258
 0.0125063 450 1237 120 10.3083 0.461805
 0.0125509 450 1238 120 10.3167 0.465176
 0.0125959 450 1239 120 10.325 0.468375
 0.0126413 450 1240 120 10.3333 0.471405
 0.0126873 450 1241 120 10.3417 0.474268
 0.0127337 450 1242 120 10.35 0.47697
 0.0127807 450 1243 120 10.3583 0.479511
 0.0128281 450 1244 120 10.3667 0.481894
 0.0128761 450 1245 120 10.375 0.484123
 0.0129246 450 1246 120 10.3833 0.486198
 0.0129737 450 1247 120 10.3917 0.488123
 0.0130233 450 1248 120 10.4 0.489898
 0.0130735 450 1249 120 10.4083 0.491525
 0.0131243 450 1250 120 10.4167 0.493007
 0.0131757 450 1251 120 10.425 0.494343
 0.0132277 450 1252 120 10.4333 0.495536
 0.0132804 450 1253 120 10.4417 0.496586
 0.0133337 450 1254 120 10.45 0.497494
 0.0133877 450 1255 120 10.4583 0.498261
 0.0134424 450 1256 120 10.4667 0.498888
 0.0134977 450 1257 120 10.475 0.499375
 0.0135539 450 1258 120 10.4833 0.499722
 0.0136107 450 1259 120 10.4917 0.499931
 0.0136684 450 1260 120 10.5 0.5
 0.0137268 450 1261 120 10.5083 0.499931
 0.013786 450 1262 120 10.5167 0.499722
 0.0138461 450 1263 120 10.525 0.499375
 0.0139071 450 1264 120 10.5333 0.498888
 0.0139689 450 1265 120 10.5417 0.498261
 0.0140317 450 1266 120 10.55 0.497494
 0.0140954 450 1267 120 10.5583 0.496586
 0.0141601 450 1268 120 10.5667 0.495536
 0.0142259 450 1269 120 10.575 0.494343
 0.0142927 450 1270 120 10.5833 0.493007
 0.0143605 450 1271 120 10.5917 0.491525
 0.0143975 451 1272 120 10.6 0.489898
 0.0144675 451 1273 120 10.6083 0.488123
 0.0145388 451 1274 120 10.6167 0.486198
 0.0146112 451 1275 120 10.625 0.484123
 0.0146525 452 1276 120 10.6333 0.481894
 0.014695 453 1277 120 10.6417 0.479511
 0.0147712 453 1278 120 10.65 0.47697
 0.0148161 454 1279 120 10.6583 0.474268
 0.0148624 455 1280 120 10.6667 0.471405
 0.0149101 456 1281 120 10.675 0.468375
 0.0149919 456 1282 120 10.6833 0.465176
 0.0150425 457 1283 120 10.6917 0.461805
 0.0150947 458 1284 120 10.7 0.458258
 0.0151486 459 1285 120 10.7083 0.45453
 0.0152041 460 1286 120 10.7167 0.450617
 0.0152615 461 1287 120 10.725 0.446514
 0.0153207 462 1288 120 10.7333 0.442217
 0.015382 463 1289 120 10.7417 0.437718
 0.0154454 464 1290 120 10.75 0.433013
 0.015511 465 1291 120 10.7583 0.428093
 0.015579 466 1292 120 10.7667 0.422953
 0.0156496 467 1293 120 10.775 0.417582
 0.0157228 468 1294 120 10.7833 0.411974
 0.0157988 469 1295 120 10.7917 0.406116
 0.0158779 470 1296 120 10.8 0.4
 0.0159603 471 1297 120 10.8083 0.393612
 0.0160461 472 1298 120 10.8167 0.38694
 0.0161358 473 1299 120 10.825 0.379967
 0.0162295 474 1300 120 10.8333 0.372678
 0.0163276 475 1301 120 10.8417 0.365053
 0.0164306 476 1302 120 10.85 0.357071
 0.0165388 477 1303 120 10.8583 0.348708
 0.0166529 478 1304 120 10.8667 0.339935
 0.0167733 479 1305 120 10.875 0.330719
 0.0169009 480 1306 120 10.8833 0.321023
 0.0170364 481 1307 120 10.8917 0.310801
 0.017181 482 1308 120 10.9 0.3
 0.0173359 483 1309 120 10.9083 0.288555
 0.0175025 484 1310 120 10.9167 0.276385
 0.0176831 485 1311 120 10.925 0.263391
 0.01788 486 1312 120 10.9333 0.249444
 0.0180967 487 1313 120 10.9417 0.234373
 0.018338 488 1314 120 10.95 0.217945
 0.0186108 489 1315 120 10.9583 0.199826
 0.0189256 490 1316 120 10.9667 0.179505
 0.0193006 491 1317 120 10.975 0.156125
 0.0197714 492 1318 120 10.9833 0.128019
 0.0204304 493 1319 120 10.9917 0.0909059
 0.0222672 494 1320 120 11 0
 0.0111653 494 1321 120 11.0083 0.0909059
 0.0111973 494 1322 120 11.0167 0.128019
 0.0112295 494 1323 120 11.025 0.156125
 0.011262 494 1324 120 11.0333 0.179505
 0.0112947 494 1325 120 11.0417 0.199826
 0.0113276 494 1326 120 11.05 0.217945
 0.0113608 494 1327 120 11.0583 0.234373
 0.0113943 494 1328 120 11.0667 0.249444
 0.011428 494 1329 120 11.075 0.263391
 0.0114619 494 1330 120 11.0833 0.276385
 0.0114962 494 1331 120 11.0917 0.288555
 0.0115307 494 1332 120 11.1 0.3
 0.0115655 494 1333 120 11.1083 0.310801
 0.0116005 494 1334 120 11.1167 0.321023
 0.0116359 494 1335 120 11.125 0.330719
 0.0116715 494 1336 120 11.1333 0.339935
 0.0117075 494 1337 120 11.1417 0.348708
 0.0117437 494 1338 120 11.15 0.357071
 0.0117802 494 1339 120 11.1583 0.365053
 0.0118171 494 1340 120 11.1667 0.372678
 0.0118543 494 1341 120 11.175 0.379967
 0.0118918 494 1342 120 11.1833 0.38694
 0.0119296 494 1343 120 11.1917 0.393612
 0.0119678 494 1344 120 11.2 0.4
 0.0120063 494 1345 120 11.2083 0.406116
 0.0120451 494 1346 120 11.2167 0.411974
 0.0120843 494 1347 120 11.225 0.417582
 0.0121239 494 1348 120 11.2333 0.422953
 0.0121638 494 1349 120 11.2417 0.428093
 0.0122042 494 1350 120 11.25 0.433013
 0.0122449 494 1351 120 11.2583 0.437718
 0.012286 494 1352 120 11.2667 0.442217
 0.0123274 494 1353 120 11.275 0.446514
 0.0123693 494 1354 120 11.2833 0.450617
 0.0124117 494 1355 120 11.2917 0.45453
 0.0124544 494 1356 120 11.3 0.458258
 0.0124976 494 1357 120 11.3083 0.461805
 0.0125412 494 1358 120 11.3167 0.465176
 0.0125853 494 1359 120 11.325 0.468375
 0.0126298 494 1360 120 11.3333 0.471405
 0.0126748 494 1361 120 11.3417 0.474268
 0.0127203 494 1362 120 11.35 0.47697
 0.0127663 494 1363 120 11.3583 0.479511
 0.0128128 494 1364 120 11.3667 0.481894
 0.0128598 494 1365 120 11.375 0.484123
 0.0129073 494 1366 120 11.3833 0.486198
 0.0129554 494 1367 120 11.3917 0.488123
 0.013004 494 1368 120 11.4 0.489898
 0.0130532 494 1369 120 11.4083 0.491525
 0.013103 494 1370 120 11.4167 0.493007
 0.0131534 494 1371 120 11.425 0.494343
 0.0132045 494 1372 120 11.4333 0.495536
 0.0132561 494 1373 120 11.4417 0.496586
 0.0133084 494 1374 120 11.45 0.497494
 0.0133613 494 1375 120 11.4583 0.498261
 0.013415 494 1376 120 11.4667 0.498888
 0.0134693 494 1377 120 11.475 0.499375
 0.0135244 494 1378 120 11.4833 0.499722
 0.0135802 494 1379 120 11.4917 0.499931
 0.0136367 494 1380 120 11.5 0.5
 0.0136941 494 1381 120 11.5083 0.499931
 0.0137522 494 1382 120 11.5167 0.499722
 0.0138112 494 1383 120 11.525 0.499375
 0.0138711 494 1384 120 11.5333 0.498888
 0.0139318 494 1385 120 11.5417 0.498261
 0.0139935 494 1386 120 11.55 0.497494
 0.0140561 494 1387 120 11.5583 0.496586
 0.0141196 494 1388 120 11.5667 0.495536
 0.0141842 494 1389 120 11.575 0.494343
 0.0142498 494 1390 120 11.5833 0.493007
 0.0143165 494 1391 120 11.5917 0.491525
 0.0143843 494 1392 120 11.6 0.489898
 0.0144241 495 1393 120 11.6083 0.488123
 0.0144941 495 1394 120 11.6167 0.486198
 0.0145654 495 1395 120 11.625 0.484123
 0.014638 495 1396 120 11.6333 0.481894
 0.0146822 496 1397 120 11.6417 0.479511
 0.0147276 497 1398 120 11.65 0.47697
 0.0147744 498 1399 120 11.6583 0.474268
 0.0148224 499 1400 120 11.6667 0.471405
 0.0148718 500 1401 120 11.675 0.468375
 0.0149525 500 1402 120 11.6833 0.465176
 0.0150048 501 1403 120 11.6917 0.461805
 0.0150588 502 1404 120 11.7 0.458258
 0.0151143 503 1405 120 11.7083 0.45453
 0.0151716 504 1406 120 11.7167 0.450617
 0.0152307 505 1407 120 11.725 0.446514
 0.0152918 506 1408 120 11.7333 0.442217
 0.0153548 507 1409 120 11.7417 0.437718
 0.0154199 508 1410 120 11.75 0.433013
 0.0154873 509 1411 120 11.7583 0.428093
 0.0155571 510 1412 120 11.7667 0.422953
 0.0156294 511 1413 120 11.775 0.417582
 0.0157043 512 1414 120 11.7833 0.411974
 0.0157822 513 1415 120 11.7917 0.406116
 0.015863 514 1416 120 11.8 0.4
 0.0159472 515 1417 120 11.8083 0.393612
 0.0160348 516 1418 120 11.8167 0.38694
 0.0161262 517 1419 120 11.825 0.379967
 0.0162218 518 1420 120 11.8333 0.372678
 0.0163217 519 1421 120 11.8417 0.365053
 0.0164265 520 1422 120 11.85 0.357071
 0.0165366 521 1423 120 11.8583 0.348708
 0.0166525 522 1424 120 11.8667 0.339935
 0.0167748 523 1425 120 11.875 0.330719
 0.0169042 524 1426 120 11.8833 0.321023
 0.0170417 525 1427 120 11.8917 0.310801
 0.0171882 526 1428 120 11.9 0.3
 0.017345 527 1429 120 11.9083 0.288555
 0.0175137 528 1430 120 11.9167 0.276385
 0.0176962 529 1431 120 11.925 0.263391
 0.0178952 530 1432 120 11.9333 0.249444
 0.0181141 531 1433 120 11.9417 0.234373
 0.0183575 532 1434 120 11.95 0.217945
 0.0186325 533 1435 120 11.9583 0.199826
 0.0189498 534 1436 120 11.9667 0.179505
 0.0193273 535 1437 120 11.975 0.156125
 0.0198007 536 1438 120 11.9833 0.128019
 0.0204629 537 1439 120 11.9917 0.0909059
 0.0223048 538 1440 120 12 0
 0.0111835 538 1441 120 12.0083 0.0909059
 0.0112148 538 1442 120 12.0167 0.128019
 0.0112464 538 1443 120 12.025 0.156125
 0.0112782 538 1444 120 12.0333 0.179505
 0.0113102 538 1445 120 12.0417 0.199826
 0.0113425 538 1446 120 12.05 0.217945
 0.011375 538 1447 120 12.0583 0.234373
 0.0114078 538 1448 120 12.0667 0.249444
 0.0114408 538 1449 120 12.075 0.263391
 0.0114741 538 1450 120 12.0833 0.276385
 0.0115077 538 1451 120 12.0917 0.288555
 0.0115415 538 1452 120 12.1 0.3
 0.0115756 538 1453 120 12.1083 0.310801
 0.01161 538 1454 120 12.1167 0.321023
 0.0116446 538 1455 120 12.125 0.330719
 0.0116796 538 1456 120 12.1333 0.339935
 0.0117148 538 1457 120 12.1417 0.348708
 0.0117504 538 1458 120 12.15 0.357071
 0.0117862 538 1459 120 12.1583 0.365053
 0.0118223 538 1460 120 12.1667 0.372678
 0.0118588 538 1461 120 12.175 0.379967
 0.0118956 538 1462 120 12.1833 0.38694
 0.0119327 538 1463 120 12.1917 0.393612
 0.0119702 538 1464 120 12.2 0.4
 0.0120079 538 1465 120 12.2083 0.406116
 0.0120461 538 1466 120 12.2167 0.411974
 0.0120845 538 1467 120 12.225 0.417582
 0.0121234 538 1468 120 12.2333 0.422953
 0.0121626 538 1469 120 12.2417 0.428093
 0.0122021 538 1470 120 12.25 0.433013
 0.0122421 538 1471 120 12.2583 0.437718
 0.0122824 538 1472 120 12.2667 0.442217
 0.0123232 538 1473 120 12.275 0.446514
 0.0123643 538 1474 120 12.2833 0.450617
 0.0124059 538 1475 120 12.2917 0.45453
 0.0124478 538 1476 120 12.3 0.458258
 0.0124902 538 1477 120 12.3083 0.461805
 0.0125331 538 1478 120 12.3167 0.465176
 0.0125764 538 1479 120 12.325 0.468375
 0.0126201 538 1480 120 12.3333 0.471405
 0.0126643 538 1481 120 12.3417 0.474268
 0.012709 538 1482 120 12.35 0.47697
 0.0127542 538 1483 120 12.3583 0.479511
 0.0127999 538 1484 120 12.3667 0.481894
 0.0128461 538 1485 120 12.375 0.484123
 0.0128928 538 1486 120 12.3833 0.486198
 0.0129401 538 1487 120 12.3917 0.488123
 0.0129879 538 1488 120 12.4 0.489898
 0.0130363 538 1489 120 12.4083 0.491525
 0.0130853 538 1490 120 12.4167 0.493007
 0.0131348 538 1491 120 12.425 0.494343
 0.013185 538 1492 120 12.4333 0.495536
 0.0132358 538 1493 120 12.4417 0.496586
 0.0132872 538 1494 120 12.45 0.497494
 0.0133393 538 1495 120 12.4583 0.498261
 0.0133921 538 1496 120 12.4667 0.498888
 0.0134455 538 1497 120 12.475 0.499375
 0.0134997 538 1498 120 12.4833 0.499722
 0.0135546 538 1499 120 12.4917 0.499931
 0.0136103 538 1500 120 12.5 0.5
 0.0136667 538 1501 120 12.5083 0.499931
 0.013724 538 1502 120 12.5167 0.499722
 0.013782 538 1503 120 12.525 0.499375
 0.013841 538 1504 120 12.5333 0.498888
 0.0139008 538 1505 120 12.5417 0.498261
 0.0139615 538 1506 120 12.55 0.497494
 0.0140231 538 1507 120 12.5583 0.496586
 0.0140857 538 1508 120 12.5667 0.495536
 0.0141494 538 1509 120 12.575 0.494343
 0.014214 538 1510 120 12.5833 0.493007
 0.0142797 538 1511 120 12.5917 0.491525
 0.0143465 538 1512 120 12.6 0.489898
 0.0144145 538 1513 120 12.6083 0.488123
 0.0144568 539 1514 120 12.6167 0.486198
 0.014527 539 1515 120 12.625 0.484123
 0.0145986 539 1516 120 12.6333 0.481894
 0.0146715 539 1517 120 12.6417 0.479511
 0.0147184 540 1518 120 12.65 0.47697
 0.0147666 541 1519 120 12.6583 0.474268
 0.0148161 542 1520 120 12.6667 0.471405
 0.014867 543 1521 120 12.675 0.468375
 0.0149194 544 1522 120 12.6833 0.465176
 0.0149732 545 1523 120 12.6917 0.461805
 0.0150286 546 1524 120 12.7 0.458258
 0.0150856 547 1525 120 12.7083 0.45453
 0.0151444 548 1526 120 12.7167 0.450617
 0.015205 549 1527 120 12.725 0.446514
 0.0152674 550 1528 120 12.7333 0.442217
 0.0153319 551 1529 120 12.7417 0.437718
 0.0153986 552 1530 120 12.75 0.433013
 0.0154674 553 1531 120 12.7583 0.428093
 0.0155386 554 1532 120 12.7667 0.422953
 0.0156124 555 1533 120 12.775 0.417582
 0.0156888 556 1534 120 12.7833 0.411974
 0.0157681 557 1535 120 12.7917 0.406116
 0.0158505 558 1536 120 12.8 0.4
 0.0159361 559 1537 120 12.8083 0.393612
 0.0160253 560 1538 120 12.8167 0.38694
 0.0161182 561 1539 120 12.825 0.379967
 0.0162153 562 1540 120 12.8333 0.372678
 0.0163167 563 1541 120 12.8417 0.365053
 0.0164231 564 1542 120 12.85 0.357071
 0.0165347 565 1543 120 12.8583 0.348708
 0.0166521 566 1544 120 12.8667 0.339935
 0.016776 567 1545 120 12.875 0.330719
 0.0169071 568 1546 120 12.8833 0.321023
 0.0170461 569 1547 120 12.8917 0.310801
 0.0171943 570 1548 120 12.9 0.3
 0.0173527 571 1549 120 12.9083 0.288555
 0.0175231 572 1550 120 12.9167 0.276385
 0.0177074 573 1551 120 12.925 0.263391
 0.0179081 574 1552 120 12.9333 0.249444
 0.0181287 575 1553 120 12.9417 0.234373
 0.0183741 576 1554 120 12.95 0.217945
 0.018651 577 1555 120 12.9583 0.199826
 0.0189702 578 1556 120 12.9667 0.179505
 0.0193498 579 1557 120 12.975 0.156125
 0.0198256 580 1558 120 12.9833 0.128019
 0.0204904 581 1559 120 12.9917 0.0909059
 0.0223368 582 1560 120 13 0
 0.0111989 582 1561 120 13.0083 0.0909059
 0.0112297 582 1562 120 13.0167 0.128019
 0.0112607 582 1563 120 13.025 0.156125
 0.0112919 582 1564 120 13.0333 0.179505
 0.0113234 582 1565 120 13.0417 0.199826
 0.0113551 582 1566 120 13.05 0.217945
 0.0113871 582 1567 120 13.0583 0.234373
 0.0114193 582 1568 120 13.0667 0.249444
 0.0114517 582 1569 120 13.075 0.263391
 0.0114844 582 1570 120 13.0833 0.276385
 0.0115174 582 1571 120 13.0917 0.288555
 0.0115507 582 1572 120 13.1 0.3
 0.0115842 582 1573 120 13.1083 0.310801
 0.011618 582 1574 120 13.1167 0.321023
 0.0116521 582 1575 120 13.125 0.330719
 0.0116864 582 1576 120 13.1333 0.339935
 0.0117211 582 1577 120 13.1417 0.348708
 0.011756 582 1578 120 13.15 0.357071
 0.0117912 582 1579 120 13.1583 0.365053
 0.0118268 582 1580 120 13.1667 0.372678
 0.0118627 582 1581 120 13.175 0.379967
 0.0118988 582 1582 120 13.1833 0.38694
 0.0119353 582 1583 120 13.1917 0.393612
 0.0119722 582 1584 120 13.2 0.4
 0.0120093 582 1585 120 13.2083 0.406116
 0.0120468 582 1586 120 13.2167 0.411974
 0.0120847 582 1587 120 13.225 0.417582
 0.0121229 582 1588 120 13.2333 0.422953
 0.0121615 582 1589 120 13.2417 0.428093
 0.0122004 582 1590 120 13.25 0.433013
 0.0122398 582 1591 120 13.2583 0.437718
 0.0122795 582 1592 120 13.2667 0.442217
 0.0123196 582 1593 120 13.275 0.446514
 0.0123601 582 1594 120 13.2833 0.450617
 0.012401 582 1595 120 13.2917 0.45453
 0.0124423 582 1596 120 13.3 0.458258
 0.012484 582 1597 120 13.3083 0.461805
 0.0125262 582 1598 120 13.3167 0.465176
 0.0125688 582 1599 120 13.325 0.468375
 0.0126119 582 1600 120 13.3333 0.471405
 0.0126555 582 1601 120 13.3417 0.474268
 0.0126995 582 1602 120 13.35 0.47697
 0.012744 582 1603 120 13.3583 0.479511
 0.012789 582 1604 120 13.3667 0.481894
 0.0128345 582 1605 120 13.375 0.484123
 0.0128806 582 1606 120 13.3833 0.486198
 0.0129271 582 1607 120 13.3917 0.488123
 0.0129742 582 1608 120 13.4 0.489898
 0.0130219 582 1609 120 13.4083 0.491525
 0.0130702 582 1610 120 13.4167 0.493007
 0.013119 582 1611 120 13.425 0.494343
 0.0131685 582 1612 120 13.4333 0.495536
 0.0132185 582 1613 120 13.4417 0.496586
 0.0132692 582 1614 120 13.45 0.497494
 0.0133206 582 1615 120 13.4583 0.498261
 0.0133726 582 1616 120 13.4667 0.498888
 0.0134253 582 1617 120 13.475 0.499375
 0.0134788 582 1618 120 13.4833 0.499722
 0.0135329 582 1619 120 13.4917 0.499931
 0.0135878 582 1620 120 13.5 0.5
 0.0136435 582 1621 120 13.5083 0.499931
 0.0137 582 1622 120 13.5167 0.499722
 0.0137573 582 1623 120 13.525 0.499375
 0.0138154 582 1624 120 13.5333 0.498888
 0.0138744 582 1625 120 13.5417 0.498261
 0.0139343 582 1626 120 13.55 0.497494
 0.0139952 582 1627 120 13.5583 0.496586
 0.014057 582 1628 120 13.5667 0.495536
 0.0141198 582 1629 120 13.575 0.494343
 0.0141836 582 1630 120 13.5833 0.493007
 0.0142485 582 1631 120 13.5917 0.491525
 0.0143144 582 1632 120 13.6 0.489898
 0.0143816 582 1633 120 13.6083 0.488123
 0.0144499 582 1634 120 13.6167 0.486198
 0.0144945 583 1635 120 13.625 0.484123
 0.0145652 583 1636 120 13.6333 0.481894
 0.0146371 583 1637 120 13.6417 0.479511
 0.0146853 584 1638 120 13.65 0.47697
 0.0147348 585 1639 120 13.6583 0.474268
 0.0147855 586 1640 120 13.6667 0.471405
 0.0148377 587 1641 120 13.675 0.468375
 0.0148912 588 1642 120 13.6833 0.465176
 0.0149463 589 1643 120 13.6917 0.461805
 0.0150029 590 1644 120 13.7 0.458258
 0.0150612 591 1645 120 13.7083 0.45453
 0.0151212 592 1646 120 13.7167 0.450617
 0.015183 593 1647 120 13.725 0.446514
 0.0152467 594 1648 120 13.7333 0.442217
 0.0153125 595 1649 120 13.7417 0.437718
 0.0153803 596 1650 120 13.75 0.433013
 0.0154504 597 1651 120 13.7583 0.428093
 0.0155229 598 1652 120 13.7667 0.422953
 0.0155979 599 1653 120 13.775 0.417582
 0.0156756 600 1654 120 13.7833 0.411974
 0.0157562 601 1655 120 13.7917 0.406116
 0.0158398 602 1656 120 13.8 0.4
 0.0159267 603 1657 120 13.8083 0.393612
 0.0160171 604 1658 120 13.8167 0.38694
 0.0161114 605 1659 120 13.825 0.379967
 0.0162097 606 1660 120 13.8333 0.372678
 0.0163125 607 1661 120 13.8417 0.365053
 0.0164201 608 1662 120 13.85 0.357071
 0.0165331 609 1663 120 13.8583 0.348708
 0.0166518 610 1664 120 13.8667 0.339935
 0.0167771 611 1665 120 13.875 0.330719
 0.0169095 612 1666 120 13.8833 0.321023
 0.0170499 613 1667 120 13.8917 0.310801
 0.0171995 614 1668 120 13.9 0.3
 0.0173594 615 1669 120 13.9083 0.288555
 0.0175312 616 1670 120 13.9167 0.276385
 0.0177169 617 1671 120 13.925 0.263391
 0.0179191 618 1672 120 13.9333 0.249444
 0.0181413 619 1673 120 13.9417 0.234373
 0.0183883 620 1674 120 13.95 0.217945
 0.0186668 621 1675 120 13.9583 0.199826
 0.0189878 622 1676 120 13.9667 0.179505
 0.0193692 623 1677 120 13.975 0.156125
 0.019847 624 1678 120 13.9833 0.128019
 0.020514 625 1679 120 13.9917 0.0909059
 0.0223642 626 1680 120 14 0
 0.0112122 626 1681 120 14.0083 0.0909059
 0.0112425 626 1682 120 14.0167 0.128019
 0.011273 626 1683 120 14.025 0.156125
 0.0113037 626 1684 120 14.0333 0.179505
 0.0113347 626 1685 120 14.0417 0.199826
 0.0113659 626 1686 120 14.05 0.217945
 0.0113974 626 1687 120 14.0583 0.234373
 0.0114291 626 1688 120 14.0667 0.249444
 0.0114611 626 1689 120 14.075 0.263391
 0.0114933 626 1690 120 14.0833 0.276385
 0.0115258 626 1691 120 14.0917 0.288555
 0.0115586 626 1692 120 14.1 0.3
 0.0115916 626 1693 120 14.1083 0.310801
 0.0116249 626 1694 120 14.1167 0.321023
 0.0116584 626 1695 120 14.125 0.330719
 0.0116923 626 1696 120 14.1333 0.339935
 0.0117264 626 1697 120 14.1417 0.348708
 0.0117609 626 1698 120 14.15 0.357071
 0.0117956 626 1699 120 14.1583 0.365053
 0.0118306 626 1700 120 14.1667 0.372678
 0.011866 626 1701 120 14.175 0.379967
 0.0119016 626 1702 120 14.1833 0.38694
 0.0119376 626 1703 120 14.1917 0.393612
 0.0119739 626 1704 120 14.2 0.4
 0.0120106 626 1705 120 14.2083 0.406116
 0.0120475 626 1706 120 14.2167 0.411974
 0.0120849 626 1707 120 14.225 0.417582
 0.0121225 626 1708 120 14.2333 0.422953
 0.0121606 626 1709 120 14.2417 0.428093
 0.012199 626 1710 120 14.25 0.433013
 0.0122377 626 1711 120 14.2583 0.437718
 0.0122769 626 1712 120 14.2667 0.442217
 0.0123164 626 1713 120 14.275 0.446514
 0.0123564 626 1714 120 14.2833 0.450617
 0.0123967 626 1715 120 14.2917 0.45453
 0.0124375 626 1716 120 14.3 0.458258
 0.0124787 626 1717 120 14.3083 0.461805
 0.0125203 626 1718 120 14.3167 0.465176
 0.0125624 626 1719 120 14.325 0.468375
 0.0126049 626 1720 120 14.3333 0.471405
 0.0126478 626 1721 120 14.3417 0.474268
 0.0126913 626 1722 120 14.35 0.47697
 0.0127352 626 1723 120 14.3583 0.479511
 0.0127796 626 1724 120 14.3667 0.481894
 0.0128246 626 1725 120 14.375 0.484123
 0.01287 626 1726 120 14.3833 0.486198
 0.012916 626 1727 120 14.3917 0.488123
 0.0129625 626 1728 120 14.4 0.489898
 0.0130096 626 1729 120 14.4083 0.491525
 0.0130572 626 1730 120 14.4167 0.493007
 0.0131054 626 1731 120 14.425 0.494343
 0.0131543 626 1732 120 14.4333 0.495536
 0.0132037 626 1733 120 14.4417 0.496586
 0.0132538 626 1734 120 14.45 0.497494
 0.0133045 626 1735 120 14.4583 0.498261
 0.0133559 626 1736 120 14.4667 0.498888
 0.013408 626 1737 120 14.475 0.499375
 0.0134608 626 1738 120 14.4833 0.499722
 0.0135143 626 1739 120 14.4917 0.499931
 0.0135685 626 1740 120 14.5 0.5
 0.0136236 626 1741 120 14.5083 0.499931
 0.0136794 626 1742 120 14.5167 0.499722
 0.013736 626 1743 120 14.525 0.499375
 0.0137935 626 1744 120 14.5333 0.498888
 0.0138518 626 1745 120 14.5417 0.498261
 0.013911 626 1746 120 14.55 0.497494
 0.0139712 626 1747 120 14.5583 0.496586
 0.0140323 626 1748 120 14.5667 0.495536
 0.0140944 626 1749 120 14.575 0.494343
 0.0141575 626 1750 120 14.5833 0.493007
 0.0142216 626 1751 120 14.5917 0.491525
 0.0142869 626 1752 120 14.6 0.489898
 0.0143533 626 1753 120 14.6083 0.488123
 0.0144208 626 1754 120 14.6167 0.486198
 0.0144665 627 1755 120 14.625 0.484123
 0.0145364 627 1756 120 14.6333 0.481894
 0.0146077 627 1757 120 14.6417 0.479511
 0.0146569 628 1758 120 14.65 0.47697
 0.0147074 629 1759 120 14.6583 0.474268
 0.0147592 630 1760 120 14.6667 0.471405
 0.0148124 631 1761 120 14.675 0.468375
 0.014867 632 1762 120 14.6833 0.465176
 0.0149231 633 1763 120 14.6917 0.461805
 0.0149808 634 1764 120 14.7 0.458258
 0.0150401 635 1765 120 14.7083 0.45453
 0.0151012 636 1766 120 14.7167 0.450617
 0.0151641 637 1767 120 14.725 0.446514
 0.0152289 638 1768 120 14.7333 0.442217
 0.0152957 639 1769 120 14.7417 0.437718
 0.0153646 640 1770 120 14.75 0.433013
 0.0154358 641 1771 120 14.7583 0.428093
 0.0155093 642 1772 120 14.7667 0.422953
 0.0155854 643 1773 120 14.775 0.417582
 0.0156642 644 1774 120 14.7833 0.411974
 0.0157459 645 1775 120 14.7917 0.406116
 0.0158306 646 1776 120 14.8 0.4
 0.0159186 647 1777 120 14.8083 0.393612
 0.0160101 648 1778 120 14.8167 0.38694
 0.0161054 649 1779 120 14.825 0.379967
 0.0162049 650 1780 120 14.8333 0.372678
 0.0163088 651 1781 120 14.8417 0.365053
 0.0164176 652 1782 120 14.85 0.357071
 0.0165317 653 1783 120 14.8583 0.348708
 0.0166516 654 1784 120 14.8667 0.339935
 0.016778 655 1785 120 14.875 0.330719
 0.0169116 656 1786 120 14.8833 0.321023
 0.0170532 657 1787 120 14.8917 0.310801
 0.017204 658 1788 120 14.9 0.3
 0.0173651 659 1789 120 14.9083 0.288555
 0.0175382 660 1790 120 14.9167 0.276385
 0.0177252 661 1791 120 14.925 0.263391
 0.0179287 662 1792 120 14.9333 0.249444
 0.0181523 663 1793 120 14.9417 0.234373
 0.0184006 664 1794 120 14.95 0.217945
 0.0186806 665 1795 120 14.9583 0.199826
 0.019003 666 1796 120 14.9667 0.179505
 0.0193861 667 1797 120 14.975 0.156125
 0.0198655 668 1798 120 14.9833 0.128019
 0.0205345 669 1799 120 14.9917 0.0909059
 0.0223881 670 1800 120 15 0
 0.0112237 670 1801 120 15.0083 0.0909059
 0.0112536 670 1802 120 15.0167 0.128019
 0.0112837 670 1803 120 15.025 0.156125
 0.011314 670 1804 120 15.0333 0.179505
 0.0113446 670 1805 120 15.0417 0.199826
 0.0113754 670 1806 120 15.05 0.217945
 0.0114064 670 1807 120 15.0583 0.234373
 0.0114377 670 1808 120 15.0667 0.249444
 0.0114692 670 1809 120 15.075 0.263391
 0.011501 670 1810 120 15.0833 0.276385
 0.0115331 670 1811 120 15.0917 0.288555
 0.0115654 670 1812 120 15.1 0.3
 0.011598 670 1813 120 15.1083 0.310801
 0.0116308 670 1814 120 15.1167 0.321023
 0.011664 670 1815 120 15.125 0.330719
 0.0116974 670 1816 120 15.1333 0.339935
 0.0117311 670 1817 120 15.1417 0.348708
 0.0117651 670 1818 120 15.15 0.357071
 0.0117994 670 1819 120 15.1583 0.365053
 0.0118339 670 1820 120 15.1667 0.372678
 0.0118688 670 1821 120 15.175 0.379967
 0.011904 670 1822 120 15.1833 0.38694
 0.0119396 670 1823 120 15.1917 0.393612
 0.0119754 670 1824 120 15.2 0.4
 0.0120116 670 1825 120 15.2083 0.406116
 0.0120481 670 1826 120 15.2167 0.411974
 0.012085 670 1827 120 15.225 0.417582
 0.0121222 670 1828 120 15.2333 0.422953
 0.0121598 670 1829 120 15.2417 0.428093
 0.0121977 670 1830 120 15.25 0.433013
 0.012236 670 1831 120 15.2583 0.437718
 0.0122747 670 1832 120 15.2667 0.442217
 0.0123137 670 1833 120 15.275 0.446514
 0.0123532 670 1834 120 15.2833 0.450617
 0.0123931 670 1835 120 15.2917 0.45453
 0.0124333 670 1836 120 15.3 0.458258
 0.012474 670 1837 120 15.3083 0.461805
 0.0125152 670 1838 120 15.3167 0.465176
 0.0125567 670 1839 120 15.325 0.468375
 0.0125987 670 1840 120 15.3333 0.471405
 0.0126412 670 1841 120 15.3417 0.474268
 0.0126842 670 1842 120 15.35 0.47697
 0.0127276 670 1843 120 15.3583 0.479511
 0.0127715 670 1844 120 15.3667 0.481894
 0.0128159 670 1845 120 15.375 0.484123
 0.0128608 670 1846 120 15.3833 0.486198
 0.0129063 670 1847 120 15.3917 0.488123
 0.0129523 670 1848 120 15.4 0.489898
 0.0129988 670 1849 120 15.4083 0.491525
 0.0130459 670 1850 120 15.4167 0.493007
 0.0130936 670 1851 120 15.425 0.494343
 0.0131419 670 1852 120 15.4333 0.495536
 0.0131908 670 1853 120 15.4417 0.496586
 0.0132404 670 1854 120 15.45 0.497494
 0.0132906 670 1855 120 15.4583 0.498261
 0.0133414 670 1856 120 15.4667 0.498888
 0.0133929 670 1857 120 15.475 0.499375
 0.0134451 670 1858 120 15.4833 0.499722
 0.0134981 670 1859 120 15.4917 0.499931
 0.0135518 670 1860 120 15.5 0.5
 0.0136062 670 1861 120 15.5083 0.499931
 0.0136615 670 1862 120 15.5167 0.499722
 0.0137175 670 1863 120 15.525 0.499375
 0.0137744 670 1864 120 15.5333 0.498888
 0.0138321 670 1865 120 15.5417 0.498261
 0.0138908 670 1866 120 15.55 0.497494
 0.0139503 670 1867 120 15.5583 0.496586
 0.0140108 670 1868 120 15.5667 0.495536
 0.0140723 670 1869 120 15.575 0.494343
 0.0141348 670 1870 120 15.5833 0.493007
 0.0141983 670 1871 120 15.5917 0.491525
 0.0142629 670 1872 120 15.6 0.489898
 0.0143287 670 1873 120 15.6083 0.488123
 0.0143956 670 1874 120 15.6167 0.486198
 0.0144422 671 1875 120 15.625 0.484123
 0.0145114 671 1876 120 15.6333 0.481894
 0.014582 671 1877 120 15.6417 0.479511
 0.0146322 672 1878 120 15.65 0.47697
 0.0146836 673 1879 120 15.6583 0.474268
 0.0147363 674 1880 120 15.6667 0.471405
 0.0147904 675 1881 120 15.675 0.468375
 0.0148459 676 1882 120 15.6833 0.465176
 0.014903 677 1883 120 15.6917 0.461805
 0.0149616 678 1884 120 15.7 0.458258
 0.0150218 679 1885 120 15.7083 0.45453
 0.0150838 680 1886 120 15.7167 0.450617
 0.0151476 681 1887 120 15.725 0.446514
 0.0152133 682 1888 120 15.7333 0.442217
 0.015281 683 1889 120 15.7417 0.437718
 0.0153509 684 1890 120 15.75 0.433013
 0.015423 685 1891 120 15.7583 0.428093
 0.0154975 686 1892 120 15.7667 0.422953
 0.0155745 687 1893 120 15.775 0.417582
 0.0156542 688 1894 120 15.7833 0.411974
 0.0157368 689 1895 120 15.7917 0.406116
 0.0158225 690 1896 120 15.8 0.4
 0.0159115 691 1897 120 15.8083 0.393612
 0.016004 692 1898 120 15.8167 0.38694
 0.0161003 693 1899 120 15.825 0.379967
 0.0162007 694 1900 120 15.8333 0.372678
 0.0163056 695 1901 120 15.8417 0.365053
 0.0164154 696 1902 120 15.85 0.357071
 0.0165304 697 1903 120 15.8583 0.348708
 0.0166514 698 1904 120 15.8667 0.339935
 0.0167788 699 1905 120 15.875 0.330719
 0.0169134 700 1906 120 15.8833 0.321023
 0.0170561 701 1907 120 15.8917 0.310801
 0.0172079 702 1908 120 15.9 0.3
 0.0173701 703 1909 120 15.9083 0.288555
 0.0175443 704 1910 120 15.9167 0.276385
 0.0177324 705 1911 120 15.925 0.263391
 0.0179371 706 1912 120 15.9333 0.249444
 0.0181618 707 1913 120 15.9417 0.234373
 0.0184113 708 1914 120 15.95 0.217945
 0.0186926 709 1915 120 15.9583 0.199826
 0.0190164 710 1916 120 15.9667 0.179505
 0.0194008 711 1917 120 15.975 0.156125
 0.0198818 712 1918 120 15.9833 0.128019
 0.0205525 713 1919 120 15.9917 0.0909059
 0.022409 714 1920 120 16 0
 0.0112338 714 1921 120 16.0083 0.0909059
 0.0112633 714 1922 120 16.0167 0.128019
 0.011293 714 1923 120 16.025 0.156125
 0.011323 714 1924 120 16.0333 0.179505
 0.0113532 714 1925 120 16.0417 0.199826
 0.0113836 714 1926 120 16.05 0.217945
 0.0114143 714 1927 120 16.0583 0.234373
 0.0114452 714 1928 120 16.0667 0.249444
 0.0114764 714 1929 120 16.075 0.263391
 0.0115078 714 1930 120 16.0833 0.276385
 0.0115395 714 1931 120 16.0917 0.288555
 0.0115714 714 1932 120 16.1 0.3
 0.0116036 714 1933 120 16.1083 0.310801
 0.0116361 714 1934 120 16.1167 0.321023
 0.0116688 714 1935 120 16.125 0.330719
 0.0117019 714 1936 120 16.1333 0.339935
 0.0117352 714 1937 120 16.1417 0.348708
 0.0117688 714 1938 120 16.15 0.357071
 0.0118027 714 1939 120 16.1583 0.365053
 0.0118369 714 1940 120 16.1667 0.372678
 0.0118714 714 1941 120 16.175 0.379967
 0.0119062 714 1942 120 16.1833 0.38694
 0.0119413 714 1943 120 16.1917 0.393612
 0.0119767 714 1944 120 16.2 0.4
 0.0120125 714 1945 120 16.2083 0.406116
 0.0120486 714 1946 120 16.2167 0.411974
 0.0120851 714 1947 120 16.225 0.417582
 0.0121219 714 1948 120 16.2333 0.422953
 0.012159 714 1949 120 16.2417 0.428093
 0.0121966 714 1950 120 16.25 0.433013
 0.0122345 714 1951 120 16.2583 0.437718
 0.0122727 714 1952 120 16.2667 0.442217
 0.0123114 714 1953 120 16.275 0.446514
 0.0123504 714 1954 120 16.2833 0.450617
 0.0123898 714 1955 120 16.2917 0.45453
 0.0124297 714 1956 120 16.3 0.458258
 0.01247 714 1957 120 16.3083 0.461805
 0.0125107 714 1958 120 16.3167 0.465176
 0.0125518 714 1959 120 16.325 0.468375
 0.0125934 714 1960 120 16.3333 0.471405
 0.0126354 714 1961 120 16.3417 0.474268
 0.0126779 714 1962 120 16.35 0.47697
 0.0127209 714 1963 120 16.3583 0.479511
 0.0127643 714 1964 120 16.3667 0.481894
 0.0128083 714 1965 120 16.375 0.484123
 0.0128528 714 1966 120 16.3833 0.486198
 0.0128978 714 1967 120 16.3917 0.488123
 0.0129433 714 1968 120 16.4 0.489898
 0.0129894 714 1969 120 16.4083 0.491525
 0.0130361 714 1970 120 16.4167 0.493007
 0.0130833 714 1971 120 16.425 0.494343
 0.0131311 714 1972 120 16.4333 0.495536
 0.0131796 714 1973 120 16.4417 0.496586
 0.0132286 714 1974 120 16.45 0.497494
 0.0132783 714 1975 120 16.4583 0.498261
 0.0133287 714 1976 120 16.4667 0.498888
 0.0133797 714 1977 120 16.475 0.499375
 0.0134314 714 1978 120 16.4833 0.499722
 0.0134839 714 1979 120 16.4917 0.499931
 0.0135371 714 1980 120 16.5 0.5
 0.013591 714 1981 120 16.5083 0.499931
 0.0136458 714 1982 120 16.5167 0.499722
 0.0137013 714 1983 120 16.525 0.499375
 0.0137577 714 1984 120 16.5333 0.498888
 0.0138149 714 1985 120 16.5417 0.498261
 0.013873 714 1986 120 16.55 0.497494
 0.013932 714 1987 120 16.5583 0.496586
 0.013992 714 1988 120 16.5667 0.495536
 0.0140529 714 1989 120 16.575 0.494343
 0.0141149 714 1990 120 16.5833 0.493007
 0.0141778 714 1991 120 16.5917 0.491525
 0.0142419 714 1992 120 16.6 0.489898
 0.0143071 714 1993 120 16.6083 0.488123
 0.0143735 714 1994 120 16.6167 0.486198
 0.0144208 715 1995 120 16.625 0.484123
 0.0144895 715 1996 120 16.6333 0.481894
 0.0145596 715 1997 120 16.6417 0.479511
 0.0146105 716 1998 120 16.65 0.47697
 0.0146627 717 1999 120 16.6583 0.474268
 0.0147162 718 2000 120 16.6667 0.471405
 0.0147711 719 2001 120 16.675 0.468375
 0.0148274 720 2002 120 16.6833 0.465176
 0.0148853 721 2003 120 16.6917 0.461805
 0.0149447 722 2004 120 16.7 0.458258
 0.0150057 723 2005 120 16.7083 0.45453
 0.0150685 724 2006 120 16.7167 0.450617
 0.0151331 725 2007 120 16.725 0.446514
 0.0151996 726 2008 120 16.7333 0.442217
 0.0152682 727 2009 120 16.7417 0.437718
 0.0153388 728 2010 120 16.75 0.433013
 0.0154118 729 2011 120 16.7583 0.428093
 0.0154871 730 2012 120 16.7667 0.422953
 0.0155649 731 2013 120 16.775 0.417582
 0.0156455 732 2014 120 16.7833 0.411974
 0.0157289 733 2015 120 16.7917 0.406116
 0.0158154 734 2016 120 16.8 0.4
 0.0159052 735 2017 120 16.8083 0.393612
 0.0159986 736 2018 120 16.8167 0.38694
 0.0160957 737 2019 120 16.825 0.379967
 0.016197 738 2020 120 16.8333 0.372678
 0.0163028 739 2021 120 16.8417 0.365053
 0.0164134 740 2022 120 16.85 0.357071
 0.0165294 741 2023 120 16.8583 0.348708
 0.0166512 742 2024 120 16.8667 0.339935
 0.0167795 743 2025 120 16.875 0.330719
 0.0169151 744 2026 120 16.8833 0.321023
 0.0170587 745 2027 120 16.8917 0.310801
 0.0172114 746 2028 120 16.9 0.3
 0.0173746 747 2029 120 16.9083 0.288555
 0.0175497 748 2030 120 16.9167 0.276385
 0.0177388 749 2031 120 16.925 0.263391
 0.0179445 750 2032 120 16.9333 0.249444
 0.0181703 751 2033 120 16.9417 0.234373
 0.0184209 752 2034 120 16.95 0.217945
 0.0187032 753 2035 120 16.9583 0.199826
 0.0190282 754 2036 120 16.9667 0.179505
 0.0194138 755 2037 120 16.975 0.156125
 0.0198961 756 2038 120 16.9833 0.128019
 0.0205684 757 2039 120 16.9917 0.0909059
 0.0224274 758 2040 120 17 0
 0.0112427 758 2041 120 17.0083 0.0909059
 0.0112719 758 2042 120 17.0167 0.128019
 0.0113013 758 2043 120 17.025 0.156125
 0.0113309 758 2044 120 17.0333 0.179505
 0.0113608 758 2045 120 17.0417 0.199826
 0.0113909 758 2046 120 17.05 0.217945
 0.0114213 758 2047 120 17.0583 0.234373
 0.0114519 758 2048 120 17.0667 0.249444
 0.0114827 758 2049 120 17.075 0.263391
 0.0115138 758 2050 120 17.0833 0.276385
 0.0115451 758 2051 120 17.0917 0.288555
 0.0115767 758 2052 120 17.1 0.3
 0.0116086 758 2053 120 17.1083 0.310801
 0.0116407 758 2054 120 17.1167 0.321023
 0.0116731 758 2055 120 17.125 0.330719
 0.0117058 758 2056 120 17.1333 0.339935
 0.0117388 758 2057 120 17.1417 0.348708
 0.011772 758 2058 120 17.15 0.357071
 0.0118056 758 2059 120 17.1583 0.365053
 0.0118394 758 2060 120 17.1667 0.372678
 0.0118736 758 2061 120 17.175 0.379967
 0.011908 758 2062 120 17.1833 0.38694
 0.0119428 758 2063 120 17.1917 0.393612
 0.0119779 758 2064 120 17.2 0.4
 0.0120133 758 2065 120 17.2083 0.406116
 0.0120491 758 2066 120 17.2167 0.411974
 0.0120852 758 2067 120 17.225 0.417582
 0.0121216 758 2068 120 17.2333 0.422953
 0.0121584 758 2069 120 17.2417 0.428093
 0.0121956 758 2070 120 17.25 0.433013
 0.0122331 758 2071 120 17.2583 0.437718
 0.012271 758 2072 120 17.2667 0.442217
 0.0123093 758 2073 120 17.275 0.446514
 0.0123479 758 2074 120 17.2833 0.450617
 0.012387 758 2075 120 17.2917 0.45453
 0.0124265 758 2076 120 17.3 0.458258
 0.0124664 758 2077 120 17.3083 0.461805
 0.0125067 758 2078 120 17.3167 0.465176
 0.0125474 758 2079 120 17.325 0.468375
 0.0125886 758 2080 120 17.3333 0.471405
 0.0126303 758 2081 120 17.3417 0.474268
 0.0126724 758 2082 120 17.35 0.47697
 0.012715 758 2083 120 17.3583 0.479511
 0.012758 758 2084 120 17.3667 0.481894
 0.0128016 758 2085 120 17.375 0.484123
 0.0128457 758 2086 120 17.3833 0.486198
 0.0128903 758 2087 120 17.3917 0.488123
 0.0129354 758 2088 120 17.4 0.489898
 0.0129811 758 2089 120 17.4083 0.491525
 0.0130273 758 2090 120 17.4167 0.493007
 0.0130742 758 2091 120 17.425 0.494343
 0.0131216 758 2092 120 17.4333 0.495536
 0.0131696 758 2093 120 17.4417 0.496586
 0.0132182 758 2094 120 17.45 0.497494
 0.0132675 758 2095 120 17.4583 0.498261
 0.0133174 758 2096 120 17.4667 0.498888
 0.013368 758 2097 120 17.475 0.499375
 0.0134193 758 2098 120 17.4833 0.499722
 0.0134713 758 2099 120 17.4917 0.499931
 0.0135241 758 2100 120 17.5 0.5
 0.0135776 758 2101 120 17.5083 0.499931
 0.0136319 758 2102 120 17.5167 0.499722
 0.013687 758 2103 120 17.525 0.499375
 0.0137429 758 2104 120 17.5333 0.498888
 0.0137996 758 2105 120 17.5417 0.498261
 0.0138573 758 2106 120 17.55 0.497494
 0.0139158 758 2107 120 17.5583 0.496586
 0.0139753 758 2108 120 17.5667 0.495536
 0.0140358 758 2109 120 17.575 0.494343
 0.0140973 758 2110 120 17.5833 0.493007
 0.0141598 758 2111 120 17.5917 0.491525
 0.0142234 758 2112 120 17.6 0.489898
 0.0142881 758 2113 120 17.6083 0.488123
 0.0143539 758 2114 120 17.6167 0.486198
 0.014402 759 2115 120 17.625 0.484123
 0.0144702 759 2116 120 17.6333 0.481894
 0.0145397 759 2117 120 17.6417 0.479511
 0.0145913 760 2118 120 17.65 0.47697
 0.0146442 761 2119 120 17.6583 0.474268
 0.0146984 762 2120 120 17.6667 0.471405
 0.014754 763 2121 120 17.675 0.468375
 0.0148111 764 2122 120 17.6833 0.465176
 0.0148696 765 2123 120 17.6917 0.461805
 0.0149297 766 2124 120 17.7 0.458258
 0.0149915 767 2125 120 17.7083 0.45453
 0.015055 768 2126 120 17.7167 0.450617
 0.0151203 769 2127 120 17.725 0.446514
 0.0151875 770 2128 120 17.7333 0.442217
 0.0152568 771 2129 120 17.7417 0.437718
 0.0153282 772 2130 120 17.75 0.433013
 0.0154018 773 2131 120 17.7583 0.428093
 0.0154778 774 2132 120 17.7667 0.422953
 0.0155564 775 2133 120 17.775 0.417582
 0.0156377 776 2134 120 17.7833 0.411974
 0.0157219 777 2135 120 17.7917 0.406116
 0.0158091 778 2136 120 17.8 0.4
 0.0158997 779 2137 120 17.8083 0.393612
 0.0159938 780 2138 120 17.8167 0.38694
 0.0160917 781 2139 120 17.825 0.379967
 0.0161937 782 2140 120 17.8333 0.372678
 0.0163002 783 2141 120 17.8417 0.365053
 0.0164117 784 2142 120 17.85 0.357071
 0.0165284 785 2143 120 17.8583 0.348708
 0.016651 786 2144 120 17.8667 0.339935
 0.0167802 787 2145 120 17.875 0.330719
 0.0169165 788 2146 120 17.8833 0.321023
 0.0170609 789 2147 120 17.8917 0.310801
 0.0172145 790 2148 120 17.9 0.3
 0.0173785 791 2149 120 17.9083 0.288555
 0.0175545 792 2150 120 17.9167 0.276385
 0.0177445 793 2151 120 17.925 0.263391
 0.0179511 794 2152 120 17.9333 0.249444
 0.0181778 795 2153 120 17.9417 0.234373
 0.0184293 796 2154 120 17.95 0.217945
 0.0187127 797 2155 120 17.9583 0.199826
 0.0190387 798 2156 120 17.9667 0.179505
 0.0194254 799 2157 120 17.975 0.156125
 0.0199089 800 2158 120 17.9833 0.128019
 0.0205826 801 2159 120 17.9917 0.0909059
 0.0224439 802 2160 120 18 0
 0.0112506 802 2161 120 18.0083 0.0909059
 0.0112795 802 2162 120 18.0167 0.128019
 0.0113087 802 2163 120 18.025 0.156125
 0.011338 802 2164 120 18.0333 0.179505
 0.0113676 802 2165 120 18.0417 0.199826
 0.0113974 802 2166 120 18.05 0.217945
 0.0114275 802 2167 120 18.0583 0.234373
 0.0114578 802 2168 120 18.0667 0.249444
 0.0114883 802 2169 120 18.075 0.263391
 0.0115191 802 2170 120 18.0833 0.276385
 0.0115501 802 2171 120 18.0917 0.288555
 0.0115815 802 2172 120 18.1 0.3
 0.011613 802 2173 120 18.1083 0.310801
 0.0116449 802 2174 120 18.1167 0.321023
 0.011677 802 2175 120 18.125 0.330719
 0.0117093 802 2176 120 18.1333 0.339935
 0.011742 802 2177 120 18.1417 0.348708
 0.011775 802 2178 120 18.15 0.357071
 0.0118082 802 2179 120 18.1583 0.365053
 0.0118417 802 2180 120 18.1667 0.372678
 0.0118756 802 2181 120 18.175 0.379967
 0.0119097 802 2182 120 18.1833 0.38694
 0.0119442 802 2183 120 18.1917 0.393612
 0.011979 802 2184 120 18.2 0.4
 0.0120141 802 2185 120 18.2083 0.406116
 0.0120495 802 2186 120 18.2167 0.411974
 0.0120853 802 2187 120 18.225 0.417582
 0.0121214 802 2188 120 18.2333 0.422953
 0.0121579 802 2189 120 18.2417 0.428093
 0.0121947 802 2190 120 18.25 0.433013
 0.0122319 802 2191 120 18.2583 0.437718
 0.0122695 802 2192 120 18.2667 0.442217
 0.0123074 802 2193 120 18.275 0.446514
 0.0123457 802 2194 120 18.2833 0.450617
 0.0123845 802 2195 120 18.2917 0.45453
 0.0124236 802 2196 120 18.3 0.458258
 0.0124632 802 2197 120 18.3083 0.461805
 0.0125031 802 2198 120 18.3167 0.465176
 0.0125435 802 2199 120 18.325 0.468375
 0.0125844 802 2200 120 18.3333 0.471405
 0.0126257 802 2201 120 18.3417 0.474268
 0.0126675 802 2202 120 18.35 0.47697
 0.0127097 802 2203 120 18.3583 0.479511
 0.0127524 802 2204 120 18.3667 0.481894
 0.0127956 802 2205 120 18.375 0.484123
 0.0128394 802 2206 120 18.3833 0.486198
 0.0128836 802 2207 120 18.3917 0.488123
 0.0129284 802 2208 120 18.4 0.489898
 0.0129737 802 2209 120 18.4083 0.491525
 0.0130196 802 2210 120 18.4167 0.493007
 0.013066 802 2211 120 18.425 0.494343
 0.0131131 802 2212 120 18.4333 0.495536
 0.0131607 802 2213 120 18.4417 0.496586
 0.013209 802 2214 120 18.45 0.497494
 0.0132579 802 2215 120 18.4583 0.498261
 0.0133074 802 2216 120 18.4667 0.498888
 0.0133576 802 2217 120 18.475 0.499375
 0.0134085 802 2218 120 18.4833 0.499722
 0.0134602 802 2219 120 18.4917 0.499931
 0.0135125 802 2220 120 18.5 0.5
 0.0135656 802 2221 120 18.5083 0.499931
 0.0136195 802 2222 120 18.5167 0.499722
 0.0136742 802 2223 120 18.525 0.499375
 0.0137297 802 2224 120 18.5333 0.498888
 0.0137861 802 2225 120 18.5417 0.498261
 0.0138433 802 2226 120 18.55 0.497494
 0.0139014 802 2227 120 18.5583 0.496586
 0.0139605 802 2228 120 18.5667 0.495536
 0.0140206 802 2229 120 18.575 0.494343
 0.0140816 802 2230 120 18.5833 0.493007
 0.0141437 802 2231 120 18.5917 0.491525
 0.0142068 802 2232 120 18.6 0.489898
 0.0142711 802 2233 120 18.6083 0.488123
 0.0143365 802 2234 120 18.6167 0.486198
 0.0143852 803 2235 120 18.625 0.484123
 0.014453 803 2236 120 18.6333 0.481894
 0.014522 803 2237 120 18.6417 0.479511
 0.0145743 804 2238 120 18.65 0.47697
 0.0146278 805 2239 120 18.6583 0.474268
 0.0146826 806 2240 120 18.6667 0.471405
 0.0147388 807 2241 120 18.675 0.468375
 0.0147965 808 2242 120 18.6833 0.465176
 0.0148556 809 2243 120 18.6917 0.461805
 0.0149164 810 2244 120 18.7 0.458258
 0.0149788 811 2245 120 18.7083 0.45453
 0.0150429 812 2246 120 18.7167 0.450617
 0.0151088 813 2247 120 18.725 0.446514
 0.0151767 814 2248 120 18.7333 0.442217
 0.0152466 815 2249 120 18.7417 0.437718
 0.0153186 816 2250 120 18.75 0.433013
 0.0153929 817 2251 120 18.7583 0.428093
 0.0154696 818 2252 120 18.7667 0.422953
 0.0155488 819 2253 120 18.775 0.417582
 0.0156308 820 2254 120 18.7833 0.411974
 0.0157156 821 2255 120 18.7917 0.406116
 0.0158035 822 2256 120 18.8 0.4
 0.0158947 823 2257 120 18.8083 0.393612
 0.0159895 824 2258 120 18.8167 0.38694
 0.0160881 825 2259 120 18.825 0.379967
 0.0161908 826 2260 120 18.8333 0.372678
 0.016298 827 2261 120 18.8417 0.365053
 0.0164101 828 2262 120 18.85 0.357071
 0.0165275 829 2263 120 18.8583 0.348708
 0.0166509 830 2264 120 18.8667 0.339935
 0.0167807 831 2265 120 18.875 0.330719
 0.0169178 832 2266 120 18.8833 0.321023
 0.017063 833 2267 120 18.8917 0.310801
 0.0172173 834 2268 120 18.9 0.3
 0.017382 835 2269 120 18.9083 0.288555
 0.0175588 836 2270 120 18.9167 0.276385
 0.0177496 837 2271 120 18.925 0.263391
 0.017957 838 2272 120 18.9333 0.249444
 0.0181845 839 2273 120 18.9417 0.234373
 0.0184369 840 2274 120 18.95 0.217945
 0.0187212 841 2275 120 18.9583 0.199826
 0.0190481 842 2276 120 18.9667 0.179505
 0.0194358 843 2277 120 18.975 0.156125
 0.0199204 844 2278 120 18.9833 0.128019
 0.0205953 845 2279 120 18.9917 0.0909059
 0.0224586 846 2280 120 19 0
 0.0112577 846 2281 120 19.0083 0.0909059
 0.0112864 846 2282 120 19.0167 0.128019
 0.0113153 846 2283 120 19.025 0.156125
 0.0113444 846 2284 120 19.0333 0.179505
 0.0113737 846 2285 120 19.0417 0.199826
 0.0114032 846 2286 120 19.05 0.217945
 0.011433 846 2287 120 19.0583 0.234373
 0.0114631 846 2288 120 19.0667 0.249444
 0.0114933 846 2289 120 19.075 0.263391
 0.0115239 846 2290 120 19.0833 0.276385
 0.0115546 846 2291 120 19.0917 0.288555
 0.0115857 846 2292 120 19.1 0.3
 0.011617 846 2293 120 19.1083 0.310801
 0.0116485 846 2294 120 19.1167 0.321023
 0.0116804 846 2295 120 19.125 0.330719
 0.0117125 846 2296 120 19.1333 0.339935
 0.0117449 846 2297 120 19.1417 0.348708
 0.0117776 846 2298 120 19.15 0.357071
 0.0118105 846 2299 120 19.1583 0.365053
 0.0118438 846 2300 120 19.1667 0.372678
 0.0118773 846 2301 120 19.175 0.379967
 0.0119112 846 2302 120 19.1833 0.38694
 0.0119454 846 2303 120 19.1917 0.393612
 0.0119799 846 2304 120 19.2 0.4
 0.0120147 846 2305 120 19.2083 0.406116
 0.0120499 846 2306 120 19.2167 0.411974
 0.0120854 846 2307 120 19.225 0.417582
 0.0121212 846 2308 120 19.2333 0.422953
 0.0121574 846 2309 120 19.2417 0.428093
 0.0121939 846 2310 120 19.25 0.433013
 0.0122308 846 2311 120 19.2583 0.437718
 0.0122681 846 2312 120 19.2667 0.442217
 0.0123057 846 2313 120 19.275 0.446514
 0.0123438 846 2314 120 19.2833 0.450617
 0.0123822 846 2315 120 19.2917 0.45453
 0.012421 846 2316 120 19.3 0.458258
 0.0124603 846 2317 120 19.3083 0.461805
 0.0125 846 2318 120 19.3167 0.465176
 0.0125401 846 2319 120 19.325 0.468375
 0.0125806 846 2320 120 19.3333 0.471405
 0.0126216 846 2321 120 19.3417 0.474268
 0.0126631 846 2322 120 19.35 0.47697
 0.012705 846 2323 120 19.3583 0.479511
 0.0127474 846 2324 120 19.3667 0.481894
 0.0127903 846 2325 120 19.375 0.484123
 0.0128337 846 2326 120 19.3833 0.486198
 0.0128776 846 2327 120 19.3917 0.488123
 0.0129221 846 2328 120 19.4 0.489898
 0.0129671 846 2329 120 19.4083 0.491525
 0.0130126 846 2330 120 19.4167 0.493007
 0.0130587 846 2331 120 19.425 0.494343
 0.0131054 846 2332 120 19.4333 0.495536
 0.0131527 846 2333 120 19.4417 0.496586
 0.0132007 846 2334 120 19.45 0.497494
 0.0132492 846 2335 120 19.4583 0.498261
 0.0132984 846 2336 120 19.4667 0.498888
 0.0133483 846 2337 120 19.475 0.499375
 0.0133989 846 2338 120 19.4833 0.499722
 0.0134502 846 2339 120 19.4917 0.499931
 0.0135022 846 2340 120 19.5 0.5
 0.0135549 846 2341 120 19.5083 0.499931
 0.0136085 846 2342 120 19.5167 0.499722
 0.0136628 846 2343 120 19.525 0.499375
 0.0137179 846 2344 120 19.5333 0.498888
 0.0137739 846 2345 120 19.5417 0.498261
 0.0138308 846 2346 120 19.55 0.497494
 0.0138885 846 2347 120 19.5583 0.496586
 0.0139472 846 2348 120 19.5667 0.495536
 0.0140069 846 2349 120 19.575 0.494343
 0.0140676 846 2350 120 19.5833 0.493007
 0.0141293 846 2351 120 19.5917 0.491525
 0.014192 846 2352 120 19.6 0.489898
 0.0142559 846 2353 120 19.6083 0.488123
 0.0143209 846 2354 120 19.6167 0.486198
 0.0143701 847 2355 120 19.625 0.484123
 0.0144375 847 2356 120 19.6333 0.481894
 0.0145062 847 2357 120 19.6417 0.479511
 0.014559 848 2358 120 19.65 0.47697
 0.014613 849 2359 120 19.6583 0.474268
 0.0146684 850 2360 120 19.6667 0.471405
 0.0147252 851 2361 120 19.675 0.468375
 0.0147834 852 2362 120 19.6833 0.465176
 0.0148431 853 2363 120 19.6917 0.461805
 0.0149044 854 2364 120 19.7 0.458258
 0.0149674 855 2365 120 19.7083 0.45453
 0.0150321 856 2366 120 19.7167 0.450617
 0.0150986 857 2367 120 19.725 0.446514
 0.015167 858 2368 120 19.7333 0.442217
 0.0152375 859 2369 120 19.7417 0.437718
 0.0153101 860 2370 120 19.75 0.433013
 0.0153849 861 2371 120 19.7583 0.428093
 0.0154622 862 2372 120 19.7667 0.422953
 0.015542 863 2373 120 19.775 0.417582
 0.0156245 864 2374 120 19.7833 0.411974
 0.01571 865 2375 120 19.7917 0.406116
 0.0157985 866 2376 120 19.8 0.4
 0.0158903 867 2377 120 19.8083 0.393612
 0.0159856 868 2378 120 19.8167 0.38694
 0.0160848 869 2379 120 19.825 0.379967
 0.0161882 870 2380 120 19.8333 0.372678
 0.016296 871 2381 120 19.8417 0.365053
 0.0164087 872 2382 120 19.85 0.357071
 0.0165268 873 2383 120 19.8583 0.348708
 0.0166507 874 2384 120 19.8667 0.339935
 0.0167812 875 2385 120 19.875 0.330719
 0.0169189 876 2386 120 19.8833 0.321023
 0.0170648 877 2387 120 19.8917 0.310801
 0.0172198 878 2388 120 19.9 0.3
 0.0173852 879 2389 120 19.9083 0.288555
 0.0175627 880 2390 120 19.9167 0.276385
 0.0177542 881 2391 120 19.925 0.263391
 0.0179623 882 2392 120 19.9333 0.249444
 0.0181906 883 2393 120 19.9417 0.234373
 0.0184437 884 2394 120 19.95 0.217945
 0.0187288 885 2395 120 19.9583 0.199826
 0.0190565 886 2396 120 19.9667 0.179505
 0.0194452 887 2397 120 19.975 0.156125
 0.0199307 888 2398 120 19.9833 0.128019
 0.0206067 889 2399 120 19.9917 0.0909059
 0.0224719 890 2400 120 20 0
