 0.00416667 1 1 120 0.00833333 0.0909059
 0.00833333 1 2 120 0.0166667 0.128019
 0.0125 1 3 120 0.025 0.156125
 0.0166667 1 4 120 0.0333333 0.179505
 0.0104167 2 5 120 0.0416667 0.199826
 0.0125 2 6 120 0.05 0.217945
 0.0145833 2 7 120 0.0583333 0.234373
 0.0166667 2 8 120 0.0666667 0.249444
 0.0125 3 9 120 0.075 0.263391
 0.0138889 3 10 120 0.0833333 0.276385
 0.0152778 3 11 120 0.0916667 0.288555
 0.0166667 3 12 120 0.1 0.3
 0.0180556 3 13 120 0.108333 0.310801
 0.0194444 3 14 120 0.116667 0.321023
 0.015625 4 15 120 0.125 0.330719
 0.0166667 4 16 120 0.133333 0.339935
 0.0177083 4 17 120 0.141667 0.348708
 0.01875 4 18 120 0.15 0.357071
 0.0197917 4 19 120 0.158333 0.365053
 0.0208333 4 20 120 0.166667 0.372678
 0.021875 4 21 120 0.175 0.379967
 0.0229167 4 22 120 0.183333 0.38694
 0.0239583 4 23 120 0.191667 0.393612
 0.02 5 24 120 0.2 0.4
 0.0208333 5 25 120 0.208333 0.406116
 0.0216667 5 26 120 0.216667 0.411974
 0.0225 5 27 120 0.225 0.417582
 0.0233333 5 28 120 0.233333 0.422953
 0.0241667 5 29 120 0.241667 0.428093
 0.0208333 6 30 120 0.25 0.433013
 0.0215278 6 31 120 0.258333 0.437718
 0.0222222 6 32 120 0.266667 0.442217
 0.0229167 6 33 120 0.275 0.446514
 0.0236111 6 34 120 0.283333 0.450617
 0.0243056 6 35 120 0.291667 0.45453
 0.0214286 7 36 120 0.3 0.458258
 0.0220238 7 37 120 0.308333 0.461805
 0.022619 7 38 120 0.316667 0.465176
 0.0232143 7 39 120 0.325 0.468375
 0.0208333 8 40 120 0.333333 0.471405
 0.0213542 8 41 120 0.341667 0.474268
 0.021875 8 42 120 0.35 0.47697
 0.0223958 8 43 120 0.358333 0.479511
 0.0229167 8 44 120 0.366667 0.481894
 0.0208333 9 45 120 0.375 0.484123
 0.0212963 9 46 120 0.383333 0.486198
 0.0217593 9 47 120 0.391667 0.488123
 0.0222222 9 48 120 0.4 0.489898
 0.0204167 10 49 120 0.408333 0.491525
 0.0208333 10 50 120 0.416667 0.493007
 0.02125 10 51 120 0.425 0.494343
 0.0216667 10 52 120 0.433333 0.495536
 0.0200758 11 53 120 0.441667 0.496586
 0.0204545 11 54 120 0.45 0.497494
 0.0208333 11 55 120 0.458333 0.498261
 0.0212121 11 56 120 0.466667 0.498888
 0.0215909 11 57 120 0.475 0.499375
 0.0201389 12 58 120 0.483333 0.499722
 0.0204861 12 59 120 0.491667 0.499931
 0.0208333 12 60 120 0.5 0.5
 0.0195513 13 61 120 0.508333 0.499931
 0.0198718 13 62 120 0.516667 0.499722
 0.0201923 13 63 120 0.525 0.499375
 0.0205128 13 64 120 0.533333 0.498888
 0.0193452 14 65 120 0.541667 0.498261
 0.0196429 14 66 120 0.55 0.497494
 0.0199405 14 67 120 0.558333 0.496586
 0.0188889 15 68 120 0.566667 0.495536
 0.0191667 15 69 120 0.575 0.494343
 0.0194444 15 70 120 0.583333 0.493007
 0.0184896 16 71 120 0.591667 0.491525
 0.01875 16 72 120 0.6 0.489898
 0.0190104 16 73 120 0.608333 0.488123
 0.0181373 17 74 120 0.616667 0.486198
 0.0183824 17 75 120 0.625 0.484123
 0.0186275 17 76 120 0.633333 0.481894
 0.0178241 18 77 120 0.641667 0.479511
 0.0180556 18 78 120 0.65 0.47697
 0.0173246 19 79 120 0.658333 0.474268
 0.0175439 19 80 120 0.666667 0.471405
 0.0177632 19 81 120 0.675 0.468375
 0.0170833 20 82 120 0.683333 0.465176
 0.0172917 20 83 120 0.691667 0.461805
 0.0166667 21 84 120 0.7 0.458258
 0.0168651 21 85 120 0.708333 0.45453
 0.0162879 22 86 120 0.716667 0.450617
 0.0164773 22 87 120 0.725 0.446514
 0.0166667 22 88 120 0.733333 0.442217
 0.0161232 23 89 120 0.741667 0.437718
 0.0163043 23 90 120 0.75 0.433013
 0.0157986 24 91 120 0.758333 0.428093
 0.0159722 24 92 120 0.766667 0.422953
 0.0155 25 93 120 0.775 0.417582
 0.0150641 26 94 120 0.783333 0.411974
 0.0146605 27 95 120 0.791667 0.406116
 0.0142857 28 96 120 0.8 0.4
 0.0139368 29 97 120 0.808333 0.393612
 0.0136111 30 98 120 0.816667 0.38694
 0.0133065 31 99 120 0.825 0.379967
 0.0130208 32 100 120 0.833333 0.372678
 0.0127525 33 101 120 0.841667 0.365053
 0.0125 34 102 120 0.85 0.357071
 0.0122619 35 103 120 0.858333 0.348708
 0.012037 36 104 120 0.866667 0.339935
 0.0118243 37 105 120 0.875 0.330719
 0.0116228 38 106 120 0.883333 0.321023
 0.0117325 38 107 120 0.891667 0.310801
 0.0115385 39 108 120 0.9 0.3
 0.0113542 40 109 120 0.908333 0.288555
 0.0111789 41 110 120 0.916667 0.276385
 0.0110119 42 111 120 0.925 0.263391
 0.0108527 43 112 120 0.933333 0.249444
 0.0107008 44 113 120 0.941667 0.234373
 0.0105556 45 114 120 0.95 0.217945
 0.0104167 46 115 120 0.958333 0.199826
 0.0102837 47 116 120 0.966667 0.179505
 0.0101563 48 117 120 0.975 0.156125
 0.010034 49 118 120 0.983333 0.128019
 0.00991667 50 119 120 0.991667 0.0909059
 0.0196078 51 120 120 1 0
 0.00988562 51 121 120 1.00833 0.0909059
 0.00996732 51 122 120 1.01667 0.128019
 0.010049 51 123 120 1.025 0.156125
 0.0101307 51 124 120 1.03333 0.179505
 0.0102124 51 125 120 1.04167 0.199826
 0.0102941 51 126 120 1.05 0.217945
 0.0103758 51 127 120 1.05833 0.234373
 0.0104575 51 128 120 1.06667 0.249444
 0.0105392 51 129 120 1.075 0.263391
 0.0106209 51 130 120 1.08333 0.276385
 0.0107026 51 131 120 1.09167 0.288555
 0.0107843 51 132 120 1.1 0.3
 0.010866 51 133 120 1.10833 0.310801
 0.0109477 51 134 120 1.11667 0.321023
 0.0110294 51 135 120 1.125 0.330719
 0.0111111 51 136 120 1.13333 0.339935
 0.0111928 51 137 120 1.14167 0.348708
 0.0112745 51 138 120 1.15 0.357071
 0.0113562 51 139 120 1.15833 0.365053
 0.0114379 51 140 120 1.16667 0.372678
 0.0115196 51 141 120 1.175 0.379967
 0.0116013 51 142 120 1.18333 0.38694
 0.011683 51 143 120 1.19167 0.393612
 0.0117647 51 144 120 1.2 0.4
 0.0118464 51 145 120 1.20833 0.406116
 0.0119281 51 146 120 1.21667 0.411974
 0.0120098 51 147 120 1.225 0.417582
 0.0120915 51 148 120 1.23333 0.422953
 0.0121732 51 149 120 1.24167 0.428093
 0.0122549 51 150 120 1.25 0.433013
 0.0123366 51 151 120 1.25833 0.437718
 0.0124183 51 152 120 1.26667 0.442217
 0.0125 51 153 120 1.275 0.446514
 0.0125817 51 154 120 1.28333 0.450617
 0.0126634 51 155 120 1.29167 0.45453
 0.0127451 51 156 120 1.3 0.458258
 0.0128268 51 157 120 1.30833 0.461805
 0.0129085 51 158 120 1.31667 0.465176
 0.0129902 51 159 120 1.325 0.468375
 0.0130719 51 160 120 1.33333 0.471405
 0.0131536 51 161 120 1.34167 0.474268
 0.0132353 51 162 120 1.35 0.47697
 0.013317 51 163 120 1.35833 0.479511
 0.0133987 51 164 120 1.36667 0.481894
 0.0134804 51 165 120 1.375 0.484123
 0.0135621 51 166 120 1.38333 0.486198
 0.0136438 51 167 120 1.39167 0.488123
 0.0137255 51 168 120 1.4 0.489898
 0.0138072 51 169 120 1.40833 0.491525
 0.0138889 51 170 120 1.41667 0.493007
 0.0139706 51 171 120 1.425 0.494343
 0.0140523 51 172 120 1.43333 0.495536
 0.014134 51 173 120 1.44167 0.496586
 0.0142157 51 174 120 1.45 0.497494
 0.0142974 51 175 120 1.45833 0.498261
 0.0143791 51 176 120 1.46667 0.498888
 0.0144608 51 177 120 1.475 0.499375
 0.0145425 51 178 120 1.48333 0.499722
 0.0146242 51 179 120 1.49167 0.499931
 0.0144231 52 180 120 1.5 0.5
 0.0145032 52 181 120 1.50833 0.499931
 0.0145833 52 182 120 1.51667 0.499722
 0.0146635 52 183 120 1.525 0.499375
 0.0144654 53 184 120 1.53333 0.498888
 0.014544 53 185 120 1.54167 0.498261
 0.0146226 53 186 120 1.55 0.497494
 0.014429 54 187 120 1.55833 0.496586
 0.0145062 54 188 120 1.56667 0.495536
 0.0143182 55 189 120 1.575 0.494343
 0.0143939 55 190 120 1.58333 0.493007
 0.0142113 56 191 120 1.59167 0.491525
 0.0142857 56 192 120 1.6 0.489898
 0.0141082 57 193 120 1.60833 0.488123
 0.0141813 57 194 120 1.61667 0.486198
 0.0140086 58 195 120 1.625 0.484123
 0.0140805 58 196 120 1.63333 0.481894
 0.0141523 58 197 120 1.64167 0.479511
 0.0139831 59 198 120 1.65 0.47697
 0.0140537 59 199 120 1.65833 0.474268
 0.0138889 60 200 120 1.66667 0.471405
 0.0139583 60 201 120 1.675 0.468375
 0.0137978 61 202 120 1.68333 0.465176
 0.0138661 61 203 120 1.69167 0.461805
 0.0137097 62 204 120 1.7 0.458258
 0.0137769 62 205 120 1.70833 0.45453
 0.0136243 63 206 120 1.71667 0.450617
 0.0134766 64 207 120 1.725 0.446514
 0.0133333 65 208 120 1.73333 0.442217
 0.0131944 66 209 120 1.74167 0.437718
 0.0130597 67 210 120 1.75 0.433013
 0.0129289 68 211 120 1.75833 0.428093
 0.0128019 69 212 120 1.76667 0.422953
 0.0126786 70 213 120 1.775 0.417582
 0.0125587 71 214 120 1.78333 0.411974
 0.0126174 71 215 120 1.79167 0.406116
 0.0125 72 216 120 1.8 0.4
 0.0123858 73 217 120 1.80833 0.393612
 0.0122748 74 218 120 1.81667 0.38694
 0.0121667 75 219 120 1.825 0.379967
 0.0120614 76 220 120 1.83333 0.372678
 0.0119589 77 221 120 1.84167 0.365053
 0.011859 78 222 120 1.85 0.357071
 0.0117616 79 223 120 1.85833 0.348708
 0.0116667 80 224 120 1.86667 0.339935
 0.0115741 81 225 120 1.875 0.330719
 0.0114837 82 226 120 1.88333 0.321023
 0.0113956 83 227 120 1.89167 0.310801
 0.0113095 84 228 120 1.9 0.3
 0.0112255 85 229 120 1.90833 0.288555
 0.0111434 86 230 120 1.91667 0.276385
 0.0110632 87 231 120 1.925 0.263391
 0.0109848 88 232 120 1.93333 0.249444
 0.0109082 89 233 120 1.94167 0.234373
 0.0108333 90 234 120 1.95 0.217945
 0.0107601 91 235 120 1.95833 0.199826
 0.0106884 92 236 120 1.96667 0.179505
 0.0106183 93 237 120 1.975 0.156125
 0.0105496 94 238 120 1.98333 0.128019
 0.0104825 95 239 120 1.99167 0.0909059
 0.0208333 96 240 120 2 0
 0.0104601 96 241 120 2.00833 0.0909059
 0.0105035 96 242 120 2.01667 0.128019
 0.0105469 96 243 120 2.025 0.156125
 0.0105903 96 244 120 2.03333 0.179505
 0.0106337 96 245 120 2.04167 0.199826
 0.0106771 96 246 120 2.05 0.217945
 0.0107205 96 247 120 2.05833 0.234373
 0.0107639 96 248 120 2.06667 0.249444
 0.0108073 96 249 120 2.075 0.263391
 0.0108507 96 250 120 2.08333 0.276385
 0.0108941 96 251 120 2.09167 0.288555
 0.0109375 96 252 120 2.1 0.3
 0.0109809 96 253 120 2.10833 0.310801
 0.0110243 96 254 120 2.11667 0.321023
 0.0110677 96 255 120 2.125 0.330719
 0.0111111 96 256 120 2.13333 0.339935
 0.0111545 96 257 120 2.14167 0.348708
 0.0111979 96 258 120 2.15 0.357071
 0.0112413 96 259 120 2.15833 0.365053
 0.0112847 96 260 120 2.16667 0.372678
 0.0113281 96 261 120 2.175 0.379967
 0.0113715 96 262 120 2.18333 0.38694
 0.0114149 96 263 120 2.19167 0.393612
 0.0114583 96 264 120 2.2 0.4
 0.0115017 96 265 120 2.20833 0.406116
 0.0115451 96 266 120 2.21667 0.411974
 0.0115885 96 267 120 2.225 0.417582
 0.0116319 96 268 120 2.23333 0.422953
 0.0116753 96 269 120 2.24167 0.428093
 0.0117188 96 270 120 2.25 0.433013
 0.0117622 96 271 120 2.25833 0.437718
 0.0118056 96 272 120 2.26667 0.442217
 0.011849 96 273 120 2.275 0.446514
 0.0118924 96 274 120 2.28333 0.450617
 0.0119358 96 275 120 2.29167 0.45453
 0.0119792 96 276 120 2.3 0.458258
 0.0120226 96 277 120 2.30833 0.461805
 0.012066 96 278 120 2.31667 0.465176
 0.0121094 96 279 120 2.325 0.468375
 0.0121528 96 280 120 2.33333 0.471405
 0.0121962 96 281 120 2.34167 0.474268
 0.0122396 96 282 120 2.35 0.47697
 0.012283 96 283 120 2.35833 0.479511
 0.0123264 96 284 120 2.36667 0.481894
 0.0123698 96 285 120 2.375 0.484123
 0.0124132 96 286 120 2.38333 0.486198
 0.0124566 96 287 120 2.39167 0.488123
 0.0125 96 288 120 2.4 0.489898
 0.0125434 96 289 120 2.40833 0.491525
 0.0125868 96 290 120 2.41667 0.493007
 0.0126302 96 291 120 2.425 0.494343
 0.0126736 96 292 120 2.43333 0.495536
 0.012717 96 293 120 2.44167 0.496586
 0.0127604 96 294 120 2.45 0.497494
 0.0128038 96 295 120 2.45833 0.498261
 0.0128472 96 296 120 2.46667 0.498888
 0.0128906 96 297 120 2.475 0.499375
 0.012934 96 298 120 2.48333 0.499722
 0.0129774 96 299 120 2.49167 0.499931
 0.0130208 96 300 120 2.5 0.5
 0.0130642 96 301 120 2.50833 0.499931
 0.0131076 96 302 120 2.51667 0.499722
 0.013151 96 303 120 2.525 0.499375
 0.0130584 97 304 120 2.53333 0.498888
 0.0131014 97 305 120 2.54167 0.498261
 0.0131443 97 306 120 2.55 0.497494
 0.0130527 98 307 120 2.55833 0.496586
 0.0130952 98 308 120 2.56667 0.495536
 0.0131378 98 309 120 2.575 0.494343
 0.0131803 98 310 120 2.58333 0.493007
 0.0130892 99 311 120 2.59167 0.491525
 0.0131313 99 312 120 2.6 0.489898
 0.0130417 100 313 120 2.60833 0.488123
 0.0130833 100 314 120 2.61667 0.486198
 0.012995 101 315 120 2.625 0.484123
 0.0130363 101 316 120 2.63333 0.481894
 0.0129493 102 317 120 2.64167 0.479511
 0.0129902 102 318 120 2.65 0.47697
 0.0129045 103 319 120 2.65833 0.474268
 0.0128205 104 320 120 2.66667 0.471405
 0.0128606 104 321 120 2.675 0.468375
 0.0127778 105 322 120 2.68333 0.465176
 0.0128175 105 323 120 2.69167 0.461805
 0.0127358 106 324 120 2.7 0.458258
 0.0127752 106 325 120 2.70833 0.45453
 0.0126947 107 326 120 2.71667 0.450617
 0.0126157 108 327 120 2.725 0.446514
 0.0125382 109 328 120 2.73333 0.442217
 0.0124621 110 329 120 2.74167 0.437718
 0.0123874 111 330 120 2.75 0.433013
 0.012314 112 331 120 2.75833 0.428093
 0.0122419 113 332 120 2.76667 0.422953
 0.0121711 114 333 120 2.775 0.417582
 0.0121014 115 334 120 2.78333 0.411974
 0.012033 116 335 120 2.79167 0.406116
 0.0119658 117 336 120 2.8 0.4
 0.0118997 118 337 120 2.80833 0.393612
 0.0118347 119 338 120 2.81667 0.38694
 0.0117708 120 339 120 2.825 0.379967
 0.011708 121 340 120 2.83333 0.372678
 0.0116462 122 341 120 2.84167 0.365053
 0.0115854 123 342 120 2.85 0.357071
 0.0115255 124 343 120 2.85833 0.348708
 0.0114667 125 344 120 2.86667 0.339935
 0.0114087 126 345 120 2.875 0.330719
 0.0113517 127 346 120 2.88333 0.321023
 0.0112956 128 347 120 2.89167 0.310801
 0.0112403 129 348 120 2.9 0.3
 0.0111859 130 349 120 2.90833 0.288555
 0.0111323 131 350 120 2.91667 0.276385
 0.0110795 132 351 120 2.925 0.263391
 0.0110276 133 352 120 2.93333 0.249444
 0.0109764 134 353 120 2.94167 0.234373
 0.0109259 135 354 120 2.95 0.217945
 0.0108762 136 355 120 2.95833 0.199826
 0.0108273 137 356 120 2.96667 0.179505
 0.010779 138 357 120 2.975 0.156125
 0.0107314 139 358 120 2.98333 0.128019
 0.0106845 140 359 120 2.99167 0.0909059
 0.0212766 141 360 120 3 0
 0.0106678 141 361 120 3.00833 0.0909059
 0.0106974 141 362 120 3.01667 0.128019
 0.010727 141 363 120 3.025 0.156125
 0.0107565 141 364 120 3.03333 0.179505
 0.0107861 141 365 120 3.04167 0.199826
 0.0108156 141 366 120 3.05 0.217945
 0.0108452 141 367 120 3.05833 0.234373
 0.0108747 141 368 120 3.06667 0.249444
 0.0109043 141 369 120 3.075 0.263391
 0.0109338 141 370 120 3.08333 0.276385
 0.0109634 141 371 120 3.09167 0.288555
 0.0109929 141 372 120 3.1 0.3
 0.0110225 141 373 120 3.10833 0.310801
 0.011052 141 374 120 3.11667 0.321023
 0.0110816 141 375 120 3.125 0.330719
 0.0111111 141 376 120 3.13333 0.339935
 0.0111407 141 377 120 3.14167 0.348708
 0.0111702 141 378 120 3.15 0.357071
 0.0111998 141 379 120 3.15833 0.365053
 0.0112293 141 380 120 3.16667 0.372678
 0.0112589 141 381 120 3.175 0.379967
 0.0112884 141 382 120 3.18333 0.38694
 0.011318 141 383 120 3.19167 0.393612
 0.0113475 141 384 120 3.2 0.4
 0.0113771 141 385 120 3.20833 0.406116
 0.0114066 141 386 120 3.21667 0.411974
 0.0114362 141 387 120 3.225 0.417582
 0.0114657 141 388 120 3.23333 0.422953
 0.0114953 141 389 120 3.24167 0.428093
 0.0115248 141 390 120 3.25 0.433013
 0.0115544 141 391 120 3.25833 0.437718
 0.0115839 141 392 120 3.26667 0.442217
 0.0116135 141 393 120 3.275 0.446514
 0.011643 141 394 120 3.28333 0.450617
 0.0116726 141 395 120 3.29167 0.45453
 0.0117021 141 396 120 3.3 0.458258
 0.0117317 141 397 120 3.30833 0.461805
 0.0117612 141 398 120 3.31667 0.465176
 0.0117908 141 399 120 3.325 0.468375
 0.0118203 141 400 120 3.33333 0.471405
 0.0118499 141 401 120 3.34167 0.474268
 0.0118794 141 402 120 3.35 0.47697
 0.011909 141 403 120 3.35833 0.479511
 0.0119385 141 404 120 3.36667 0.481894
 0.0119681 141 405 120 3.375 0.484123
 0.0119976 141 406 120 3.38333 0.486198
 0.0120272 141 407 120 3.39167 0.488123
 0.0120567 141 408 120 3.4 0.489898
 0.0120863 141 409 120 3.40833 0.491525
 0.0121158 141 410 120 3.41667 0.493007
 0.0121454 141 411 120 3.425 0.494343
 0.0121749 141 412 120 3.43333 0.495536
 0.0122045 141 413 120 3.44167 0.496586
 0.012234 141 414 120 3.45 0.497494
 0.0122636 141 415 120 3.45833 0.498261
 0.0122931 141 416 120 3.46667 0.498888
 0.0123227 141 417 120 3.475 0.499375
 0.0123522 141 418 120 3.48333 0.499722
 0.0123818 141 419 120 3.49167 0.499931
 0.0124113 141 420 120 3.5 0.5
 0.0124409 141 421 120 3.50833 0.499931
 0.0124704 141 422 120 3.51667 0.499722
 0.0125 141 423 120 3.525 0.499375
 0.0125296 141 424 120 3.53333 0.498888
 0.0125591 141 425 120 3.54167 0.498261
 0.0125887 141 426 120 3.55 0.497494
 0.0126182 141 427 120 3.55833 0.496586
 0.0125587 142 428 120 3.56667 0.495536
 0.012588 142 429 120 3.575 0.494343
 0.0126174 142 430 120 3.58333 0.493007
 0.0125583 143 431 120 3.59167 0.491525
 0.0125874 143 432 120 3.6 0.489898
 0.0126166 143 433 120 3.60833 0.488123
 0.0125579 144 434 120 3.61667 0.486198
 0.0125868 144 435 120 3.625 0.484123
 0.0125287 145 436 120 3.63333 0.481894
 0.0124715 146 437 120 3.64167 0.479511
 0.012415 147 438 120 3.65 0.47697
 0.0123592 148 439 120 3.65833 0.474268
 0.0123874 148 440 120 3.66667 0.471405
 0.0123322 149 441 120 3.675 0.468375
 0.0123602 149 442 120 3.68333 0.465176
 0.0123056 150 443 120 3.69167 0.461805
 0.0123333 150 444 120 3.7 0.458258
 0.0122792 151 445 120 3.70833 0.45453
 0.0122259 152 446 120 3.71667 0.450617
 0.0121732 153 447 120 3.725 0.446514
 0.0121212 154 448 120 3.73333 0.442217
 0.0120699 155 449 120 3.74167 0.437718
 0.0120192 156 450 120 3.75 0.433013
 0.0119692 157 451 120 3.75833 0.428093
 0.0119198 158 452 120 3.76667 0.422953
 0.0118711 159 453 120 3.775 0.417582
 0.0118229 160 454 120 3.78333 0.411974
 0.0117754 161 455 120 3.79167 0.406116
 0.0117284 162 456 120 3.8 0.4
 0.011682 163 457 120 3.80833 0.393612
 0.0116362 164 458 120 3.81667 0.38694
 0.0115909 165 459 120 3.825 0.379967
 0.0115462 166 460 120 3.83333 0.372678
 0.011502 167 461 120 3.84167 0.365053
 0.0114583 168 462 120 3.85 0.357071
 0.0114152 169 463 120 3.85833 0.348708
 0.0113725 170 464 120 3.86667 0.339935
 0.0113304 171 465 120 3.875 0.330719
 0.0112888 172 466 120 3.88333 0.321023
 0.0112476 173 467 120 3.89167 0.310801
 0.0112069 174 468 120 3.9 0.3
 0.0111667 175 469 120 3.90833 0.288555
 0.0111269 176 470 120 3.91667 0.276385
 0.0110876 177 471 120 3.925 0.263391
 0.0110487 178 472 120 3.93333 0.249444
 0.0110102 179 473 120 3.94167 0.234373
 0.0109722 180 474 120 3.95 0.217945
 0.0109346 181 475 120 3.95833 0.199826
 0.0108974 182 476 120 3.96667 0.179505
 0.0108607 183 477 120 3.975 0.156125
 0.0108243 184 478 120 3.98333 0.128019
 0.0107883 185 479 120 3.99167 0.0909059
 0.0215054 186 480 120 4 0
 0.0107751 186 481 120 4.00833 0.0909059
 0.0107975 186 482 120 4.01667 0.128019
 0.0108199 186 483 120 4.025 0.156125
 0.0108423 186 484 120 4.03333 0.179505
 0.0108647 186 485 120 4.04167 0.199826
 0.0108871 186 486 120 4.05 0.217945
 0.0109095 186 487 120 4.05833 0.234373
 0.0109319 186 488 120 4.06667 0.249444
 0.0109543 186 489 120 4.075 0.263391
 0.0109767 186 490 120 4.08333 0.276385
 0.0109991 186 491 120 4.09167 0.288555
 0.0110215 186 492 120 4.1 0.3
 0.0110439 186 493 120 4.10833 0.310801
 0.0110663 186 494 120 4.11667 0.321023
 0.0110887 186 495 120 4.125 0.330719
 0.0111111 186 496 120 4.13333 0.339935
 0.0111335 186 497 120 4.14167 0.348708
 0.0111559 186 498 120 4.15 0.357071
 0.0111783 186 499 120 4.15833 0.365053
 0.0112007 186 500 120 4.16667 0.372678
 0.0112231 186 501 120 4.175 0.379967
 0.0112455 186 502 120 4.18333 0.38694
 0.0112679 186 503 120 4.19167 0.393612
 0.0112903 186 504 120 4.2 0.4
 0.0113127 186 505 120 4.20833 0.406116
 0.0113351 186 506 120 4.21667 0.411974
 0.0113575 186 507 120 4.225 0.417582
 0.0113799 186 508 120 4.23333 0.422953
 0.0114023 186 509 120 4.24167 0.428093
 0.0114247 186 510 120 4.25 0.433013
 0.0114471 186 511 120 4.25833 0.437718
 0.0114695 186 512 120 4.26667 0.442217
 0.0114919 186 513 120 4.275 0.446514
 0.0115143 186 514 120 4.28333 0.450617
 0.0115367 186 515 120 4.29167 0.45453
 0.0115591 186 516 120 4.3 0.458258
 0.0115815 186 517 120 4.30833 0.461805
 0.0116039 186 518 120 4.31667 0.465176
 0.0116263 186 519 120 4.325 0.468375
 0.0116487 186 520 120 4.33333 0.471405
 0.0116711 186 521 120 4.34167 0.474268
 0.0116935 186 522 120 4.35 0.47697
 0.0117159 186 523 120 4.35833 0.479511
 0.0117384 186 524 120 4.36667 0.481894
 0.0117608 186 525 120 4.375 0.484123
 0.0117832 186 526 120 4.38333 0.486198
 0.0118056 186 527 120 4.39167 0.488123
 0.011828 186 528 120 4.4 0.489898
 0.0118504 186 529 120 4.40833 0.491525
 0.0118728 186 530 120 4.41667 0.493007
 0.0118952 186 531 120 4.425 0.494343
 0.0119176 186 532 120 4.43333 0.495536
 0.01194 186 533 120 4.44167 0.496586
 0.0119624 186 534 120 4.45 0.497494
 0.0119848 186 535 120 4.45833 0.498261
 0.0120072 186 536 120 4.46667 0.498888
 0.0120296 186 537 120 4.475 0.499375
 0.012052 186 538 120 4.48333 0.499722
 0.0120744 186 539 120 4.49167 0.499931
 0.0120968 186 540 120 4.5 0.5
 0.0121192 186 541 120 4.50833 0.499931
 0.0121416 186 542 120 4.51667 0.499722
 0.012164 186 543 120 4.525 0.499375
 0.0121864 186 544 120 4.53333 0.498888
 0.0122088 186 545 120 4.54167 0.498261
 0.0122312 186 546 120 4.55 0.497494
 0.0122536 186 547 120 4.55833 0.496586
 0.012276 186 548 120 4.56667 0.495536
 0.0122326 187 549 120 4.575 0.494343
 0.0122549 187 550 120 4.58333 0.493007
 0.0122772 187 551 120 4.59167 0.491525
 0.012234 188 552 120 4.6 0.489898
 0.0122562 188 553 120 4.60833 0.488123
 0.0122784 188 554 120 4.61667 0.486198
 0.0123005 188 555 120 4.625 0.484123
 0.0122575 189 556 120 4.63333 0.481894
 0.0122149 190 557 120 4.64167 0.479511
 0.0121728 191 558 120 4.65 0.47697
 0.0121946 191 559 120 4.65833 0.474268
 0.0121528 192 560 120 4.66667 0.471405
 0.0121745 192 561 120 4.675 0.468375
 0.012133 193 562 120 4.68333 0.465176
 0.0121546 193 563 120 4.69167 0.461805
 0.0121134 194 564 120 4.7 0.458258
 0.0120726 195 565 120 4.70833 0.45453
 0.0120323 196 566 120 4.71667 0.450617
 0.0119924 197 567 120 4.725 0.446514
 0.0119529 198 568 120 4.73333 0.442217
 0.0119137 199 569 120 4.74167 0.437718
 0.011875 200 570 120 4.75 0.433013
 0.0118367 201 571 120 4.75833 0.428093
 0.0117987 202 572 120 4.76667 0.422953
 0.0117611 203 573 120 4.775 0.417582
 0.0117239 204 574 120 4.78333 0.411974
 0.011687 205 575 120 4.79167 0.406116
 0.0116505 206 576 120 4.8 0.4
 0.0116143 207 577 120 4.80833 0.393612
 0.0115785 208 578 120 4.81667 0.38694
 0.0115431 209 579 120 4.825 0.379967
 0.0115079 210 580 120 4.83333 0.372678
 0.0114731 211 581 120 4.84167 0.365053
 0.0114387 212 582 120 4.85 0.357071
 0.0114045 213 583 120 4.85833 0.348708
 0.0113707 214 584 120 4.86667 0.339935
 0.0113372 215 585 120 4.875 0.330719
 0.011304 216 586 120 4.88333 0.321023
 0.0112711 217 587 120 4.89167 0.310801
 0.0112385 218 588 120 4.9 0.3
 0.0112062 219 589 120 4.90833 0.288555
 0.0111742 220 590 120 4.91667 0.276385
 0.0111425 221 591 120 4.925 0.263391
 0.0111111 222 592 120 4.93333 0.249444
 0.01108 223 593 120 4.94167 0.234373
 0.0110491 224 594 120 4.95 0.217945
 0.0110185 225 595 120 4.95833 0.199826
 0.0109882 226 596 120 4.96667 0.179505
 0.0109581 227 597 120 4.975 0.156125
 0.0109284 228 598 120 4.98333 0.128019
 0.0108988 229 599 120 4.99167 0.0909059
 0.0217391 230 600 120 5 0
 0.0108877 230 601 120 5.00833 0.0909059
 0.0109058 230 602 120 5.01667 0.128019
 0.0109239 230 603 120 5.025 0.156125
 0.010942 230 604 120 5.03333 0.179505
 0.0109601 230 605 120 5.04167 0.199826
 0.0109783 230 606 120 5.05 0.217945
 0.0109964 230 607 120 5.05833 0.234373
 0.0110145 230 608 120 5.06667 0.249444
 0.0110326 230 609 120 5.075 0.263391
 0.0110507 230 610 120 5.08333 0.276385
 0.0110688 230 611 120 5.09167 0.288555
 0.011087 230 612 120 5.1 0.3
 0.0111051 230 613 120 5.10833 0.310801
 0.0111232 230 614 120 5.11667 0.321023
 0.0111413 230 615 120 5.125 0.330719
 0.0111594 230 616 120 5.13333 0.339935
 0.0111775 230 617 120 5.14167 0.348708
 0.0111957 230 618 120 5.15 0.357071
 0.0112138 230 619 120 5.15833 0.365053
 0.0112319 230 620 120 5.16667 0.372678
 0.01125 230 621 120 5.175 0.379967
 0.0112681 230 622 120 5.18333 0.38694
 0.0112862 230 623 120 5.19167 0.393612
 0.0113043 230 624 120 5.2 0.4
 0.0113225 230 625 120 5.20833 0.406116
 0.0113406 230 626 120 5.21667 0.411974
 0.0113587 230 627 120 5.225 0.417582
 0.0113768 230 628 120 5.23333 0.422953
 0.0113949 230 629 120 5.24167 0.428093
 0.011413 230 630 120 5.25 0.433013
 0.0114312 230 631 120 5.25833 0.437718
 0.0114493 230 632 120 5.26667 0.442217
 0.0114674 230 633 120 5.275 0.446514
 0.0114855 230 634 120 5.28333 0.450617
 0.0115036 230 635 120 5.29167 0.45453
 0.0115217 230 636 120 5.3 0.458258
 0.0115399 230 637 120 5.30833 0.461805
 0.011558 230 638 120 5.31667 0.465176
 0.0115761 230 639 120 5.325 0.468375
 0.0115942 230 640 120 5.33333 0.471405
 0.0116123 230 641 120 5.34167 0.474268
 0.0116304 230 642 120 5.35 0.47697
 0.0116486 230 643 120 5.35833 0.479511
 0.0116667 230 644 120 5.36667 0.481894
 0.0116848 230 645 120 5.375 0.484123
 0.0117029 230 646 120 5.38333 0.486198
 0.011721 230 647 120 5.39167 0.488123
 0.0117391 230 648 120 5.4 0.489898
 0.0117572 230 649 120 5.40833 0.491525
 0.0117754 230 650 120 5.41667 0.493007
 0.0117935 230 651 120 5.425 0.494343
 0.0118116 230 652 120 5.43333 0.495536
 0.0118297 230 653 120 5.44167 0.496586
 0.0118478 230 654 120 5.45 0.497494
 0.0118659 230 655 120 5.45833 0.498261
 0.0118841 230 656 120 5.46667 0.498888
 0.0119022 230 657 120 5.475 0.499375
 0.0119203 230 658 120 5.48333 0.499722
 0.0119384 230 659 120 5.49167 0.499931
 0.0119565 230 660 120 5.5 0.5
 0.0119746 230 661 120 5.50833 0.499931
 0.0119928 230 662 120 5.51667 0.499722
 0.0120109 230 663 120 5.525 0.499375
 0.012029 230 664 120 5.53333 0.498888
 0.0120471 230 665 120 5.54167 0.498261
 0.0120652 230 666 120 5.55 0.497494
 0.0120833 230 667 120 5.55833 0.496586
 0.0121014 230 668 120 5.56667 0.495536
 0.0121196 230 669 120 5.575 0.494343
 0.0121377 230 670 120 5.58333 0.493007
 0.0121032 231 671 120 5.59167 0.491525
 0.0121212 231 672 120 5.6 0.489898
 0.0121392 231 673 120 5.60833 0.488123
 0.0121049 232 674 120 5.61667 0.486198
 0.0121228 232 675 120 5.625 0.484123
 0.0121408 232 676 120 5.63333 0.481894
 0.0121066 233 677 120 5.64167 0.479511
 0.0120726 234 678 120 5.65 0.47697
 0.012039 235 679 120 5.65833 0.474268
 0.0120056 236 680 120 5.66667 0.471405
 0.0120233 236 681 120 5.675 0.468375
 0.0119902 237 682 120 5.68333 0.465176
 0.0120077 237 683 120 5.69167 0.461805
 0.0119748 238 684 120 5.7 0.458258
 0.0119421 239 685 120 5.70833 0.45453
 0.0119097 240 686 120 5.71667 0.450617
 0.0118776 241 687 120 5.725 0.446514
 0.0118457 242 688 120 5.73333 0.442217
 0.0118141 243 689 120 5.74167 0.437718
 0.0117828 244 690 120 5.75 0.433013
 0.0117517 245 691 120 5.75833 0.428093
 0.0117209 246 692 120 5.76667 0.422953
 0.0116903 247 693 120 5.775 0.417582
 0.0116599 248 694 120 5.78333 0.411974
 0.0116299 249 695 120 5.79167 0.406116
 0.0116 250 696 120 5.8 0.4
 0.0115704 251 697 120 5.80833 0.393612
 0.011541 252 698 120 5.81667 0.38694
 0.0115119 253 699 120 5.825 0.379967
 0.0114829 254 700 120 5.83333 0.372678
 0.0114542 255 701 120 5.84167 0.365053
 0.0114258 256 702 120 5.85 0.357071
 0.0113975 257 703 120 5.85833 0.348708
 0.0113695 258 704 120 5.86667 0.339935
 0.0113417 259 705 120 5.875 0.330719
 0.0113141 260 706 120 5.88333 0.321023
 0.0112867 261 707 120 5.89167 0.310801
 0.0112595 262 708 120 5.9 0.3
 0.0112326 263 709 120 5.90833 0.288555
 0.0112058 264 710 120 5.91667 0.276385
 0.0111792 265 711 120 5.925 0.263391
 0.0111529 266 712 120 5.93333 0.249444
 0.0111267 267 713 120 5.94167 0.234373
 0.0111007 268 714 120 5.95 0.217945
 0.011075 269 715 120 5.95833 0.199826
 0.0110494 270 716 120 5.96667 0.179505
 0.011024 271 717 120 5.975 0.156125
 0.0109988 272 718 120 5.98333 0.128019
 0.0109737 273 719 120 5.99167 0.0909059
 0.0218978 274 720 120 6 0
 0.0109641 274 721 120 6.00833 0.0909059
 0.0109793 274 722 120 6.01667 0.128019
 0.0109945 274 723 120 6.025 0.156125
 0.0110097 274 724 120 6.03333 0.179505
 0.0110249 274 725 120 6.04167 0.199826
 0.0110401 274 726 120 6.05 0.217945
 0.0110554 274 727 120 6.05833 0.234373
 0.0110706 274 728 120 6.06667 0.249444
 0.0110858 274 729 120 6.075 0.263391
 0.011101 274 730 120 6.08333 0.276385
 0.0111162 274 731 120 6.09167 0.288555
 0.0111314 274 732 120 6.1 0.3
 0.0111466 274 733 120 6.10833 0.310801
 0.0111618 274 734 120 6.11667 0.321023
 0.011177 274 735 120 6.125 0.330719
 0.0111922 274 736 120 6.13333 0.339935
 0.0112074 274 737 120 6.14167 0.348708
 0.0112226 274 738 120 6.15 0.357071
 0.0112378 274 739 120 6.15833 0.365053
 0.011253 274 740 120 6.16667 0.372678
 0.0112682 274 741 120 6.175 0.379967
 0.0112835 274 742 120 6.18333 0.38694
 0.0112987 274 743 120 6.19167 0.393612
 0.0113139 274 744 120 6.2 0.4
 0.0113291 274 745 120 6.20833 0.406116
 0.0113443 274 746 120 6.21667 0.411974
 0.0113595 274 747 120 6.225 0.417582
 0.0113747 274 748 120 6.23333 0.422953
 0.0113899 274 749 120 6.24167 0.428093
 0.0114051 274 750 120 6.25 0.433013
 0.0114203 274 751 120 6.25833 0.437718
 0.0114355 274 752 120 6.26667 0.442217
 0.0114507 274 753 120 6.275 0.446514
 0.0114659 274 754 120 6.28333 0.450617
 0.0114811 274 755 120 6.29167 0.45453
 0.0114964 274 756 120 6.3 0.458258
 0.0115116 274 757 120 6.30833 0.461805
 0.0115268 274 758 120 6.31667 0.465176
 0.011542 274 759 120 6.325 0.468375
 0.0115572 274 760 120 6.33333 0.471405
 0.0115724 274 761 120 6.34167 0.474268
 0.0115876 274 762 120 6.35 0.47697
 0.0116028 274 763 120 6.35833 0.479511
 0.011618 274 764 120 6.36667 0.481894
 0.0116332 274 765 120 6.375 0.484123
 0.0116484 274 766 120 6.38333 0.486198
 0.0116636 274 767 120 6.39167 0.488123
 0.0116788 274 768 120 6.4 0.489898
 0.011694 274 769 120 6.40833 0.491525
 0.0117092 274 770 120 6.41667 0.493007
 0.0117245 274 771 120 6.425 0.494343
 0.0117397 274 772 120 6.43333 0.495536
 0.0117549 274 773 120 6.44167 0.496586
 0.0117701 274 774 120 6.45 0.497494
 0.0117853 274 775 120 6.45833 0.498261
 0.0118005 274 776 120 6.46667 0.498888
 0.0118157 274 777 120 6.475 0.499375
 0.0118309 274 778 120 6.48333 0.499722
 0.0118461 274 779 120 6.49167 0.499931
 0.0118613 274 780 120 6.5 0.5
 0.0118765 274 781 120 6.50833 0.499931
 0.0118917 274 782 120 6.51667 0.499722
 0.0119069 274 783 120 6.525 0.499375
 0.0119221 274 784 120 6.53333 0.498888
 0.0119373 274 785 120 6.54167 0.498261
 0.0119526 274 786 120 6.55 0.497494
 0.0119678 274 787 120 6.55833 0.496586
 0.011983 274 788 120 6.56667 0.495536
 0.0119982 274 789 120 6.575 0.494343
 0.0119697 275 790 120 6.58333 0.493007
 0.0119848 275 791 120 6.59167 0.491525
 0.012 275 792 120 6.6 0.489898
 0.0119716 276 793 120 6.60833 0.488123
 0.0119867 276 794 120 6.61667 0.486198
 0.0120018 276 795 120 6.625 0.484123
 0.0120169 276 796 120 6.63333 0.481894
 0.0119886 277 797 120 6.64167 0.479511
 0.0119604 278 798 120 6.65 0.47697
 0.0119325 279 799 120 6.65833 0.474268
 0.0119048 280 800 120 6.66667 0.471405
 0.0119196 280 801 120 6.675 0.468375
 0.0118921 281 802 120 6.68333 0.465176
 0.0119069 281 803 120 6.69167 0.461805
 0.0118794 282 804 120 6.7 0.458258
 0.0118522 283 805 120 6.70833 0.45453
 0.0118251 284 806 120 6.71667 0.450617
 0.0117982 285 807 120 6.725 0.446514
 0.0117716 286 808 120 6.73333 0.442217
 0.0117451 287 809 120 6.74167 0.437718
 0.0117188 288 810 120 6.75 0.433013
 0.0116926 289 811 120 6.75833 0.428093
 0.0116667 290 812 120 6.76667 0.422953
 0.0116409 291 813 120 6.775 0.417582
 0.0116153 292 814 120 6.78333 0.411974
 0.0115899 293 815 120 6.79167 0.406116
 0.0115646 294 816 120 6.8 0.4
 0.0115395 295 817 120 6.80833 0.393612
 0.0115146 296 818 120 6.81667 0.38694
 0.0114899 297 819 120 6.825 0.379967
 0.0114653 298 820 120 6.83333 0.372678
 0.0114409 299 821 120 6.84167 0.365053
 0.0114167 300 822 120 6.85 0.357071
 0.0113926 301 823 120 6.85833 0.348708
 0.0113687 302 824 120 6.86667 0.339935
 0.0113449 303 825 120 6.875 0.330719
 0.0113213 304 826 120 6.88333 0.321023
 0.0112978 305 827 120 6.89167 0.310801
 0.0112745 306 828 120 6.9 0.3
 0.0112514 307 829 120 6.90833 0.288555
 0.0112284 308 830 120 6.91667 0.276385
 0.0112055 309 831 120 6.925 0.263391
 0.0111828 310 832 120 6.93333 0.249444
 0.0111602 311 833 120 6.94167 0.234373
 0.0111378 312 834 120 6.95 0.217945
 0.0111155 313 835 120 6.95833 0.199826
 0.0110934 314 836 120 6.96667 0.179505
 0.0110714 315 837 120 6.975 0.156125
 0.0110496 316 838 120 6.98333 0.128019
 0.0110279 317 839 120 6.99167 0.0909059
 0.0220126 318 840 120 7 0
 0.0110194 318 841 120 7.00833 0.0909059
 0.0110325 318 842 120 7.01667 0.128019
 0.0110456 318 843 120 7.025 0.156125
 0.0110587 318 844 120 7.03333 0.179505
 0.0110718 318 845 120 7.04167 0.199826
 0.0110849 318 846 120 7.05 0.217945
 0.011098 318 847 120 7.05833 0.234373
 0.0111111 318 848 120 7.06667 0.249444
 0.0111242 318 849 120 7.075 0.263391
 0.0111373 318 850 120 7.08333 0.276385
 0.0111504 318 851 120 7.09167 0.288555
 0.0111635 318 852 120 7.1 0.3
 0.0111766 318 853 120 7.10833 0.310801
 0.0111897 318 854 120 7.11667 0.321023
 0.0112028 318 855 120 7.125 0.330719
 0.0112159 318 856 120 7.13333 0.339935
 0.011229 318 857 120 7.14167 0.348708
 0.0112421 318 858 120 7.15 0.357071
 0.0112552 318 859 120 7.15833 0.365053
 0.0112683 318 860 120 7.16667 0.372678
 0.0112814 318 861 120 7.175 0.379967
 0.0112945 318 862 120 7.18333 0.38694
 0.0113077 318 863 120 7.19167 0.393612
 0.0113208 318 864 120 7.2 0.4
 0.0113339 318 865 120 7.20833 0.406116
 0.011347 318 866 120 7.21667 0.411974
 0.0113601 318 867 120 7.225 0.417582
 0.0113732 318 868 120 7.23333 0.422953
 0.0113863 318 869 120 7.24167 0.428093
 0.0113994 318 870 120 7.25 0.433013
 0.0114125 318 871 120 7.25833 0.437718
 0.0114256 318 872 120 7.26667 0.442217
 0.0114387 318 873 120 7.275 0.446514
 0.0114518 318 874 120 7.28333 0.450617
 0.0114649 318 875 120 7.29167 0.45453
 0.011478 318 876 120 7.3 0.458258
 0.0114911 318 877 120 7.30833 0.461805
 0.0115042 318 878 120 7.31667 0.465176
 0.0115173 318 879 120 7.325 0.468375
 0.0115304 318 880 120 7.33333 0.471405
 0.0115435 318 881 120 7.34167 0.474268
 0.0115566 318 882 120 7.35 0.47697
 0.0115697 318 883 120 7.35833 0.479511
 0.0115828 318 884 120 7.36667 0.481894
 0.0115959 318 885 120 7.375 0.484123
 0.011609 318 886 120 7.38333 0.486198
 0.0116221 318 887 120 7.39167 0.488123
 0.0116352 318 888 120 7.4 0.489898
 0.0116483 318 889 120 7.40833 0.491525
 0.0116614 318 890 120 7.41667 0.493007
 0.0116745 318 891 120 7.425 0.494343
 0.0116876 318 892 120 7.43333 0.495536
 0.0117007 318 893 120 7.44167 0.496586
 0.0117138 318 894 120 7.45 0.497494
 0.0117269 318 895 120 7.45833 0.498261
 0.01174 318 896 120 7.46667 0.498888
 0.0117531 318 897 120 7.475 0.499375
 0.0117662 318 898 120 7.48333 0.499722
 0.0117794 318 899 120 7.49167 0.499931
 0.0117925 318 900 120 7.5 0.5
 0.0118056 318 901 120 7.50833 0.499931
 0.0118187 318 902 120 7.51667 0.499722
 0.0118318 318 903 120 7.525 0.499375
 0.0118449 318 904 120 7.53333 0.498888
 0.011858 318 905 120 7.54167 0.498261
 0.0118711 318 906 120 7.55 0.497494
 0.0118842 318 907 120 7.55833 0.496586
 0.0118973 318 908 120 7.56667 0.495536
 0.0119104 318 909 120 7.575 0.494343
 0.0119235 318 910 120 7.58333 0.493007
 0.0118992 319 911 120 7.59167 0.491525
 0.0119122 319 912 120 7.6 0.489898
 0.0119253 319 913 120 7.60833 0.488123
 0.011901 320 914 120 7.61667 0.486198
 0.0119141 320 915 120 7.625 0.484123
 0.0119271 320 916 120 7.63333 0.481894
 0.0119029 321 917 120 7.64167 0.479511
 0.0118789 322 918 120 7.65 0.47697
 0.011855 323 919 120 7.65833 0.474268
 0.0118313 324 920 120 7.66667 0.471405
 0.0118441 324 921 120 7.675 0.468375
 0.0118205 325 922 120 7.68333 0.465176
 0.0118333 325 923 120 7.69167 0.461805
 0.0118098 326 924 120 7.7 0.458258
 0.0117864 327 925 120 7.70833 0.45453
 0.0117632 328 926 120 7.71667 0.450617
 0.0117401 329 927 120 7.725 0.446514
 0.0117172 330 928 120 7.73333 0.442217
 0.0116944 331 929 120 7.74167 0.437718
 0.0116717 332 930 120 7.75 0.433013
 0.0116491 333 931 120 7.75833 0.428093
 0.0116267 334 932 120 7.76667 0.422953
 0.0116045 335 933 120 7.775 0.417582
 0.0115823 336 934 120 7.78333 0.411974
 0.0115603 337 935 120 7.79167 0.406116
 0.0115385 338 936 120 7.8 0.4
 0.0115167 339 937 120 7.80833 0.393612
 0.0114951 340 938 120 7.81667 0.38694
 0.0114736 341 939 120 7.825 0.379967
 0.0114522 342 940 120 7.83333 0.372678
 0.011431 343 941 120 7.84167 0.365053
 0.0114099 344 942 120 7.85 0.357071
 0.0113889 345 943 120 7.85833 0.348708
 0.011368 346 944 120 7.86667 0.339935
 0.0113473 347 945 120 7.875 0.330719
 0.0113266 348 946 120 7.88333 0.321023
 0.0113061 349 947 120 7.89167 0.310801
 0.0112857 350 948 120 7.9 0.3
 0.0112654 351 949 120 7.90833 0.288555
 0.0112453 352 950 120 7.91667 0.276385
 0.0112252 353 951 120 7.925 0.263391
 0.0112053 354 952 120 7.93333 0.249444
 0.0111854 355 953 120 7.94167 0.234373
 0.0111657 356 954 120 7.95 0.217945
 0.0111461 357 955 120 7.95833 0.199826
 0.0111266 358 956 120 7.96667 0.179505
 0.0111072 359 957 120 7.975 0.156125
 0.011088 360 958 120 7.98333 0.128019
 0.0110688 361 959 120 7.99167 0.0909059
 0.0220994 362 960 120 8 0
 0.0110612 362 961 120 8.00833 0.0909059
 0.0110727 362 962 120 8.01667 0.128019
 0.0110843 362 963 120 8.025 0.156125
 0.0110958 362 964 120 8.03333 0.179505
 0.0111073 362 965 120 8.04167 0.199826
 0.0111188 362 966 120 8.05 0.217945
 0.0111303 362 967 120 8.05833 0.234373
 0.0111418 362 968 120 8.06667 0.249444
 0.0111533 362 969 120 8.075 0.263391
 0.0111648 362 970 120 8.08333 0.276385
 0.0111763 362 971 120 8.09167 0.288555
 0.0111878 362 972 120 8.1 0.3
 0.0111994 362 973 120 8.10833 0.310801
 0.0112109 362 974 120 8.11667 0.321023
 0.0112224 362 975 120 8.125 0.330719
 0.0112339 362 976 120 8.13333 0.339935
 0.0112454 362 977 120 8.14167 0.348708
 0.0112569 362 978 120 8.15 0.357071
 0.0112684 362 979 120 8.15833 0.365053
 0.0112799 362 980 120 8.16667 0.372678
 0.0112914 362 981 120 8.175 0.379967
 0.0113029 362 982 120 8.18333 0.38694
 0.0113145 362 983 120 8.19167 0.393612
 0.011326 362 984 120 8.2 0.4
 0.0113375 362 985 120 8.20833 0.406116
 0.011349 362 986 120 8.21667 0.411974
 0.0113605 362 987 120 8.225 0.417582
 0.011372 362 988 120 8.23333 0.422953
 0.0113835 362 989 120 8.24167 0.428093
 0.011395 362 990 120 8.25 0.433013
 0.0114065 362 991 120 8.25833 0.437718
 0.011418 362 992 120 8.26667 0.442217
 0.0114296 362 993 120 8.275 0.446514
 0.0114411 362 994 120 8.28333 0.450617
 0.0114526 362 995 120 8.29167 0.45453
 0.0114641 362 996 120 8.3 0.458258
 0.0114756 362 997 120 8.30833 0.461805
 0.0114871 362 998 120 8.31667 0.465176
 0.0114986 362 999 120 8.325 0.468375
 0.0115101 362 1000 120 8.33333 0.471405
 0.0115216 362 1001 120 8.34167 0.474268
 0.0115331 362 1002 120 8.35 0.47697
 0.0115447 362 1003 120 8.35833 0.479511
 0.0115562 362 1004 120 8.36667 0.481894
 0.0115677 362 1005 120 8.375 0.484123
 0.0115792 362 1006 120 8.38333 0.486198
 0.0115907 362 1007 120 8.39167 0.488123
 0.0116022 362 1008 120 8.4 0.489898
 0.0116137 362 1009 120 8.40833 0.491525
 0.0116252 362 1010 120 8.41667 0.493007
 0.0116367 362 1011 120 8.425 0.494343
 0.0116483 362 1012 120 8.43333 0.495536
 0.0116598 362 1013 120 8.44167 0.496586
 0.0116713 362 1014 120 8.45 0.497494
 0.0116828 362 1015 120 8.45833 0.498261
 0.0116943 362 1016 120 8.46667 0.498888
 0.0117058 362 1017 120 8.475 0.499375
 0.0117173 362 1018 120 8.48333 0.499722
 0.0117288 362 1019 120 8.49167 0.499931
 0.0117403 362 1020 120 8.5 0.5
 0.0117518 362 1021 120 8.50833 0.499931
 0.0117634 362 1022 120 8.51667 0.499722
 0.0117749 362 1023 120 8.525 0.499375
 0.0117864 362 1024 120 8.53333 0.498888
 0.0117979 362 1025 120 8.54167 0.498261
 0.0118094 362 1026 120 8.55 0.497494
 0.0118209 362 1027 120 8.55833 0.496586
 0.0118324 362 1028 120 8.56667 0.495536
 0.0118439 362 1029 120 8.575 0.494343
 0.0118554 362 1030 120 8.58333 0.493007
 0.0118343 363 1031 120 8.59167 0.491525
 0.0118457 363 1032 120 8.6 0.489898
 0.0118572 363 1033 120 8.60833 0.488123
 0.0118361 364 1034 120 8.61667 0.486198
 0.0118475 364 1035 120 8.625 0.484123
 0.011859 364 1036 120 8.63333 0.481894
 0.0118379 365 1037 120 8.64167 0.479511
 0.0118169 366 1038 120 8.65 0.47697
 0.0117961 367 1039 120 8.65833 0.474268
 0.0117754 368 1040 120 8.66667 0.471405
 0.0117867 368 1041 120 8.675 0.468375
 0.011766 369 1042 120 8.68333 0.465176
 0.0117773 369 1043 120 8.69167 0.461805
 0.0117568 370 1044 120 8.7 0.458258
 0.0117363 371 1045 120 8.70833 0.45453
 0.0117159 372 1046 120 8.71667 0.450617
 0.0116957 373 1047 120 8.725 0.446514
 0.0116756 374 1048 120 8.73333 0.442217
 0.0116556 375 1049 120 8.74167 0.437718
 0.0116356 376 1050 120 8.75 0.433013
 0.0116158 377 1051 120 8.75833 0.428093
 0.0115961 378 1052 120 8.76667 0.422953
 0.0115765 379 1053 120 8.775 0.417582
 0.011557 380 1054 120 8.78333 0.411974
 0.0115376 381 1055 120 8.79167 0.406116
 0.0115183 382 1056 120 8.8 0.4
 0.0114991 383 1057 120 8.80833 0.393612
 0.01148 384 1058 120 8.81667 0.38694
 0.011461 385 1059 120 8.825 0.379967
 0.0114421 386 1060 120 8.83333 0.372678
 0.0114233 387 1061 120 8.84167 0.365053
 0.0114046 388 1062 120 8.85 0.357071
 0.011386 389 1063 120 8.85833 0.348708
 0.0113675 390 1064 120 8.86667 0.339935
 0.0113491 391 1065 120 8.875 0.330719
 0.0113308 392 1066 120 8.88333 0.321023
 0.0113126 393 1067 120 8.89167 0.310801
 0.0112944 394 1068 120 8.9 0.3
 0.0112764 395 1069 120 8.90833 0.288555
 0.0112584 396 1070 120 8.91667 0.276385
 0.0112406 397 1071 120 8.925 0.263391
 0.0112228 398 1072 120 8.93333 0.249444
 0.0112051 399 1073 120 8.94167 0.234373
 0.0111875 400 1074 120 8.95 0.217945
 0.01117 401 1075 120 8.95833 0.199826
 0.0111526 402 1076 120 8.96667 0.179505
 0.0111352 403 1077 120 8.975 0.156125
 0.011118 404 1078 120 8.98333 0.128019
 0.0111008 405 1079 120 8.99167 0.0909059
 0.0221675 406 1080 120 9 0
 0.011094 406 1081 120 9.00833 0.0909059
 0.0111043 406 1082 120 9.01667 0.128019
 0.0111145 406 1083 120 9.025 0.156125
 0.0111248 406 1084 120 9.03333 0.179505
 0.0111351 406 1085 120 9.04167 0.199826
 0.0111453 406 1086 120 9.05 0.217945
 0.0111556 406 1087 120 9.05833 0.234373
 0.0111658 406 1088 120 9.06667 0.249444
 0.0111761 406 1089 120 9.075 0.263391
 0.0111864 406 1090 120 9.08333 0.276385
 0.0111966 406 1091 120 9.09167 0.288555
 0.0112069 406 1092 120 9.1 0.3
 0.0112172 406 1093 120 9.10833 0.310801
 0.0112274 406 1094 120 9.11667 0.321023
 0.0112377 406 1095 120 9.125 0.330719
 0.0112479 406 1096 120 9.13333 0.339935
 0.0112582 406 1097 120 9.14167 0.348708
 0.0112685 406 1098 120 9.15 0.357071
 0.0112787 406 1099 120 9.15833 0.365053
 0.011289 406 1100 120 9.16667 0.372678
 0.0112993 406 1101 120 9.175 0.379967
 0.0113095 406 1102 120 9.18333 0.38694
 0.0113198 406 1103 120 9.19167 0.393612
 0.01133 406 1104 120 9.2 0.4
 0.0113403 406 1105 120 9.20833 0.406116
 0.0113506 406 1106 120 9.21667 0.411974
 0.0113608 406 1107 120 9.225 0.417582
 0.0113711 406 1108 120 9.23333 0.422953
 0.0113814 406 1109 120 9.24167 0.428093
 0.0113916 406 1110 120 9.25 0.433013
 0.0114019 406 1111 120 9.25833 0.437718
 0.0114122 406 1112 120 9.26667 0.442217
 0.0114224 406 1113 120 9.275 0.446514
 0.0114327 406 1114 120 9.28333 0.450617
 0.0114429 406 1115 120 9.29167 0.45453
 0.0114532 406 1116 120 9.3 0.458258
 0.0114635 406 1117 120 9.30833 0.461805
 0.0114737 406 1118 120 9.31667 0.465176
 0.011484 406 1119 120 9.325 0.468375
 0.0114943 406 1120 120 9.33333 0.471405
 0.0115045 406 1121 120 9.34167 0.474268
 0.0115148 406 1122 120 9.35 0.47697
 0.011525 406 1123 120 9.35833 0.479511
 0.0115353 406 1124 120 9.36667 0.481894
 0.0115456 406 1125 120 9.375 0.484123
 0.0115558 406 1126 120 9.38333 0.486198
 0.0115661 406 1127 120 9.39167 0.488123
 0.0115764 406 1128 120 9.4 0.489898
 0.0115866 406 1129 120 9.40833 0.491525
 0.0115969 406 1130 120 9.41667 0.493007
 0.0116071 406 1131 120 9.425 0.494343
 0.0116174 406 1132 120 9.43333 0.495536
 0.0116277 406 1133 120 9.44167 0.496586
 0.0116379 406 1134 120 9.45 0.497494
 0.0116482 406 1135 120 9.45833 0.498261
 0.0116585 406 1136 120 9.46667 0.498888
 0.0116687 406 1137 120 9.475 0.499375
 0.011679 406 1138 120 9.48333 0.499722
 0.0116892 406 1139 120 9.49167 0.499931
 0.0116995 406 1140 120 9.5 0.5
 0.0117098 406 1141 120 9.50833 0.499931
 0.01172 406 1142 120 9.51667 0.499722
 0.0117303 406 1143 120 9.525 0.499375
 0.0117406 406 1144 120 9.53333 0.498888
 0.0117508 406 1145 120 9.54167 0.498261
 0.0117611 406 1146 120 9.55 0.497494
 0.0117713 406 1147 120 9.55833 0.496586
 0.0117816 406 1148 120 9.56667 0.495536
 0.0117919 406 1149 120 9.575 0.494343
 0.0118021 406 1150 120 9.58333 0.493007
 0.0117834 407 1151 120 9.59167 0.491525
 0.0117936 407 1152 120 9.6 0.489898
 0.0118038 407 1153 120 9.60833 0.488123
 0.0117851 408 1154 120 9.61667 0.486198
 0.0117953 408 1155 120 9.625 0.484123
 0.0118056 408 1156 120 9.63333 0.481894
 0.0117869 409 1157 120 9.64167 0.479511
 0.0117683 410 1158 120 9.65 0.47697
 0.0117498 411 1159 120 9.65833 0.474268
 0.0117314 412 1160 120 9.66667 0.471405
 0.0117415 412 1161 120 9.675 0.468375
 0.0117232 413 1162 120 9.68333 0.465176
 0.0117333 413 1163 120 9.69167 0.461805
 0.011715 414 1164 120 9.7 0.458258
 0.0116968 415 1165 120 9.70833 0.45453
 0.0116787 416 1166 120 9.71667 0.450617
 0.0116607 417 1167 120 9.725 0.446514
 0.0116427 418 1168 120 9.73333 0.442217
 0.0116249 419 1169 120 9.74167 0.437718
 0.0116071 420 1170 120 9.75 0.433013
 0.0115895 421 1171 120 9.75833 0.428093
 0.0115719 422 1172 120 9.76667 0.422953
 0.0115544 423 1173 120 9.775 0.417582
 0.0115369 424 1174 120 9.78333 0.411974
 0.0115196 425 1175 120 9.79167 0.406116
 0.0115023 426 1176 120 9.8 0.4
 0.0114852 427 1177 120 9.80833 0.393612
 0.0114681 428 1178 120 9.81667 0.38694
 0.011451 429 1179 120 9.825 0.379967
 0.0114341 430 1180 120 9.83333 0.372678
 0.0114172 431 1181 120 9.84167 0.365053
 0.0114005 432 1182 120 9.85 0.357071
 0.0113838 433 1183 120 9.85833 0.348708
 0.0113671 434 1184 120 9.86667 0.339935
 0.0113506 435 1185 120 9.875 0.330719
 0.0113341 436 1186 120 9.88333 0.321023
 0.0113177 437 1187 120 9.89167 0.310801
 0.0113014 438 1188 120 9.9 0.3
 0.0112851 439 1189 120 9.90833 0.288555
 0.0112689 440 1190 120 9.91667 0.276385
 0.0112528 441 1191 120 9.925 0.263391
 0.0112368 442 1192 120 9.93333 0.249444
 0.0112208 443 1193 120 9.94167 0.234373
 0.011205 444 1194 120 9.95 0.217945
 0.0111891 445 1195 120 9.95833 0.199826
 0.0111734 446 1196 120 9.96667 0.179505
 0.0111577 447 1197 120 9.975 0.156125
 0.0111421 448 1198 120 9.98333 0.128019
 0.0111266 449 1199 120 9.99167 0.0909059
 0.0222222 450 1200 120 10 0
 0.0111204 450 1201 120 10.0083 0.0909059
 0.0111296 450 1202 120 10.0167 0.128019
 0.0111389 450 1203 120 10.025 0.156125
 0.0111481 450 1204 120 10.0333 0.179505
 0.0111574 450 1205 120 10.0417 0.199826
 0.0111667 450 1206 120 10.05 0.217945
 0.0111759 450 1207 120 10.0583 0.234373
 0.0111852 450 1208 120 10.0667 0.249444
 0.0111944 450 1209 120 10.075 0.263391
 0.0112037 450 1210 120 10.0833 0.276385
 0.011213 450 1211 120 10.0917 0.288555
 0.0112222 450 1212 120 10.1 0.3
 0.0112315 450 1213 120 10.1083 0.310801
 0.0112407 450 1214 120 10.1167 0.321023
 0.01125 450 1215 120 10.125 0.330719
 0.0112593 450 1216 120 10.1333 0.339935
 0.0112685 450 1217 120 10.1417 0.348708
 0.0112778 450 1218 120 10.15 0.357071
 0.011287 450 1219 120 10.1583 0.365053
 0.0112963 450 1220 120 10.1667 0.372678
 0.0113056 450 1221 120 10.175 0.379967
 0.0113148 450 1222 120 10.1833 0.38694
 0.0113241 450 1223 120 10.1917 0.393612
 0.0113333 450 1224 120 10.2 0.4
 0.0113426 450 1225 120 10.2083 0.406116
 0.0113519 450 1226 120 10.2167 0.411974
 0.0113611 450 1227 120 10.225 0.417582
 0.0113704 450 1228 120 10.2333 0.422953
 0.0113796 450 1229 120 10.2417 0.428093
 0.0113889 450 1230 120 10.25 0.433013
 0.0113981 450 1231 120 10.2583 0.437718
 0.0114074 450 1232 120 10.2667 0.442217
 0.0114167 450 1233 120 10.275 0.446514
 0.0114259 450 1234 120 10.2833 0.450617
 0.0114352 450 1235 120 10.2917 0.45453
 0.0114444 450 1236 120 10.3 0.458258
 0.0114537 450 1237 120 10.3083 0.461805
 0.011463 450 1238 120 10.3167 0.465176
 0.0114722 450 1239 120 10.325 0.468375
 0.0114815 450 1240 120 10.3333 0.471405
 0.0114907 450 1241 120 10.3417 0.474268
 0.0115 450 1242 120 10.35 0.47697
 0.0115093 450 1243 120 10.3583 0.479511
 0.0115185 450 1244 120 10.3667 0.481894
 0.0115278 450 1245 120 10.375 0.484123
 0.011537 450 1246 120 10.3833 0.486198
 0.0115463 450 1247 120 10.3917 0.488123
 0.0115556 450 1248 120 10.4 0.489898
 0.0115648 450 1249 120 10.4083 0.491525
 0.0115741 450 1250 120 10.4167 0.493007
 0.0115833 450 1251 120 10.425 0.494343
 0.0115926 450 1252 120 10.4333 0.495536
 0.0116019 450 1253 120 10.4417 0.496586
 0.0116111 450 1254 120 10.45 0.497494
 0.0116204 450 1255 120 10.4583 0.498261
 0.0116296 450 1256 120 10.4667 0.498888
 0.0116389 450 1257 120 10.475 0.499375
 0.0116481 450 1258 120 10.4833 0.499722
 0.0116574 450 1259 120 10.4917 0.499931
 0.0116667 450 1260 120 10.5 0.5
 0.0116759 450 1261 120 10.5083 0.499931
 0.0116852 450 1262 120 10.5167 0.499722
 0.0116944 450 1263 120 10.525 0.499375
 0.0117037 450 1264 120 10.5333 0.498888
 0.011713 450 1265 120 10.5417 0.498261
 0.0117222 450 1266 120 10.55 0.497494
 0.0117315 450 1267 120 10.5583 0.496586
 0.0117407 450 1268 120 10.5667 0.495536
 0.01175 450 1269 120 10.575 0.494343
 0.0117593 450 1270 120 10.5833 0.493007
 0.0117685 450 1271 120 10.5917 0.491525
 0.0117517 451 1272 120 10.6 0.489898
 0.0117609 451 1273 120 10.6083 0.488123
 0.0117701 451 1274 120 10.6167 0.486198
 0.0117794 451 1275 120 10.625 0.484123
 0.0117625 452 1276 120 10.6333 0.481894
 0.0117458 453 1277 120 10.6417 0.479511
 0.011755 453 1278 120 10.65 0.47697
 0.0117383 454 1279 120 10.6583 0.474268
 0.0117216 455 1280 120 10.6667 0.471405
 0.011705 456 1281 120 10.675 0.468375
 0.0117142 456 1282 120 10.6833 0.465176
 0.0116977 457 1283 120 10.6917 0.461805
 0.0116812 458 1284 120 10.7 0.458258
 0.0116649 459 1285 120 10.7083 0.45453
 0.0116486 460 1286 120 10.7167 0.450617
 0.0116323 461 1287 120 10.725 0.446514
 0.0116162 462 1288 120 10.7333 0.442217
 0.0116001 463 1289 120 10.7417 0.437718
 0.0115841 464 1290 120 10.75 0.433013
 0.0115681 465 1291 120 10.7583 0.428093
 0.0115522 466 1292 120 10.7667 0.422953
 0.0115364 467 1293 120 10.775 0.417582
 0.0115207 468 1294 120 10.7833 0.411974
 0.011505 469 1295 120 10.7917 0.406116
 0.0114894 470 1296 120 10.8 0.4
 0.0114738 471 1297 120 10.8083 0.393612
 0.0114583 472 1298 120 10.8167 0.38694
 0.0114429 473 1299 120 10.825 0.379967
 0.0114276 474 1300 120 10.8333 0.372678
 0.0114123 475 1301 120 10.8417 0.365053
 0.0113971 476 1302 120 10.85 0.357071
 0.0113819 477 1303 120 10.8583 0.348708
 0.0113668 478 1304 120 10.8667 0.339935
 0.0113518 479 1305 120 10.875 0.330719
 0.0113368 480 1306 120 10.8833 0.321023
 0.0113219 481 1307 120 10.8917 0.310801
 0.0113071 482 1308 120 10.9 0.3
 0.0112923 483 1309 120 10.9083 0.288555
 0.0112775 484 1310 120 10.9167 0.276385
 0.0112629 485 1311 120 10.925 0.263391
 0.0112483 486 1312 120 10.9333 0.249444
 0.0112337 487 1313 120 10.9417 0.234373
 0.0112193 488 1314 120 10.95 0.217945
 0.0112048 489 1315 120 10.9583 0.199826
 0.0111905 490 1316 120 10.9667 0.179505
 0.0111762 491 1317 120 10.975 0.156125
 0.0111619 492 1318 120 10.9833 0.128019
 0.0111477 493 1319 120 10.9917 0.0909059
 0.0222672 494 1320 120 11 0
 0.011142 494 1321 120 11.0083 0.0909059
 0.0111505 494 1322 120 11.0167 0.128019
 0.0111589 494 1323 120 11.025 0.156125
 0.0111673 494 1324 120 11.0333 0.179505
 0.0111758 494 1325 120 11.0417 0.199826
 0.0111842 494 1326 120 11.05 0.217945
 0.0111926 494 1327 120 11.0583 0.234373
 0.0112011 494 1328 120 11.0667 0.249444
 0.0112095 494 1329 120 11.075 0.263391
 0.0112179 494 1330 120 11.0833 0.276385
 0.0112264 494 1331 120 11.0917 0.288555
 0.0112348 494 1332 120 11.1 0.3
 0.0112433 494 1333 120 11.1083 0.310801
 0.0112517 494 1334 120 11.1167 0.321023
 0.0112601 494 1335 120 11.125 0.330719
 0.0112686 494 1336 120 11.1333 0.339935
 0.011277 494 1337 120 11.1417 0.348708
 0.0112854 494 1338 120 11.15 0.357071
 0.0112939 494 1339 120 11.1583 0.365053
 0.0113023 494 1340 120 11.1667 0.372678
 0.0113107 494 1341 120 11.175 0.379967
 0.0113192 494 1342 120 11.1833 0.38694
 0.0113276 494 1343 120 11.1917 0.393612
 0.011336 494 1344 120 11.2 0.4
 0.0113445 494 1345 120 11.2083 0.406116
 0.0113529 494 1346 120 11.2167 0.411974
 0.0113613 494 1347 120 11.225 0.417582
 0.0113698 494 1348 120 11.2333 0.422953
 0.0113782 494 1349 120 11.2417 0.428093
 0.0113866 494 1350 120 11.25 0.433013
 0.0113951 494 1351 120 11.2583 0.437718
 0.0114035 494 1352 120 11.2667 0.442217
 0.0114119 494 1353 120 11.275 0.446514
 0.0114204 494 1354 120 11.2833 0.450617
 0.0114288 494 1355 120 11.2917 0.45453
 0.0114372 494 1356 120 11.3 0.458258
 0.0114457 494 1357 120 11.3083 0.461805
 0.0114541 494 1358 120 11.3167 0.465176
 0.0114626 494 1359 120 11.325 0.468375
 0.011471 494 1360 120 11.3333 0.471405
 0.0114794 494 1361 120 11.3417 0.474268
 0.0114879 494 1362 120 11.35 0.47697
 0.0114963 494 1363 120 11.3583 0.479511
 0.0115047 494 1364 120 11.3667 0.481894
 0.0115132 494 1365 120 11.375 0.484123
 0.0115216 494 1366 120 11.3833 0.486198
 0.01153 494 1367 120 11.3917 0.488123
 0.0115385 494 1368 120 11.4 0.489898
 0.0115469 494 1369 120 11.4083 0.491525
 0.0115553 494 1370 120 11.4167 0.493007
 0.0115638 494 1371 120 11.425 0.494343
 0.0115722 494 1372 120 11.4333 0.495536
 0.0115806 494 1373 120 11.4417 0.496586
 0.0115891 494 1374 120 11.45 0.497494
 0.0115975 494 1375 120 11.4583 0.498261
 0.0116059 494 1376 120 11.4667 0.498888
 0.0116144 494 1377 120 11.475 0.499375
 0.0116228 494 1378 120 11.4833 0.499722
 0.0116312 494 1379 120 11.4917 0.499931
 0.0116397 494 1380 120 11.5 0.5
 0.0116481 494 1381 120 11.5083 0.499931
 0.0116565 494 1382 120 11.5167 0.499722
 0.011665 494 1383 120 11.525 0.499375
 0.0116734 494 1384 120 11.5333 0.498888
 0.0116818 494 1385 120 11.5417 0.498261
 0.0116903 494 1386 120 11.55 0.497494
 0.0116987 494 1387 120 11.5583 0.496586
 0.0117072 494 1388 120 11.5667 0.495536
 0.0117156 494 1389 120 11.575 0.494343
 0.011724 494 1390 120 11.5833 0.493007
 0.0117325 494 1391 120 11.5917 0.491525
 0.0117409 494 1392 120 11.6 0.489898
 0.0117256 495 1393 120 11.6083 0.488123
 0.011734 495 1394 120 11.6167 0.486198
 0.0117424 495 1395 120 11.625 0.484123
 0.0117508 495 1396 120 11.6333 0.481894
 0.0117356 496 1397 120 11.6417 0.479511
 0.0117203 497 1398 120 11.65 0.47697
 0.0117052 498 1399 120 11.6583 0.474268
 0.01169 499 1400 120 11.6667 0.471405
 0.011675 500 1401 120 11.675 0.468375
 0.0116833 500 1402 120 11.6833 0.465176
 0.0116683 501 1403 120 11.6917 0.461805
 0.0116534 502 1404 120 11.7 0.458258
 0.0116385 503 1405 120 11.7083 0.45453
 0.0116237 504 1406 120 11.7167 0.450617
 0.0116089 505 1407 120 11.725 0.446514
 0.0115942 506 1408 120 11.7333 0.442217
 0.0115796 507 1409 120 11.7417 0.437718
 0.011565 508 1410 120 11.75 0.433013
 0.0115504 509 1411 120 11.7583 0.428093
 0.0115359 510 1412 120 11.7667 0.422953
 0.0115215 511 1413 120 11.775 0.417582
 0.0115072 512 1414 120 11.7833 0.411974
 0.0114929 513 1415 120 11.7917 0.406116
 0.0114786 514 1416 120 11.8 0.4
 0.0114644 515 1417 120 11.8083 0.393612
 0.0114503 516 1418 120 11.8167 0.38694
 0.0114362 517 1419 120 11.825 0.379967
 0.0114221 518 1420 120 11.8333 0.372678
 0.0114082 519 1421 120 11.8417 0.365053
 0.0113942 520 1422 120 11.85 0.357071
 0.0113804 521 1423 120 11.8583 0.348708
 0.0113665 522 1424 120 11.8667 0.339935
 0.0113528 523 1425 120 11.875 0.330719
 0.0113391 524 1426 120 11.8833 0.321023
 0.0113254 525 1427 120 11.8917 0.310801
 0.0113118 526 1428 120 11.9 0.3
 0.0112982 527 1429 120 11.9083 0.288555
 0.0112847 528 1430 120 11.9167 0.276385
 0.0112713 529 1431 120 11.925 0.263391
 0.0112579 530 1432 120 11.9333 0.249444
 0.0112445 531 1433 120 11.9417 0.234373
 0.0112312 532 1434 120 11.95 0.217945
 0.0112179 533 1435 120 11.9583 0.199826
 0.0112047 534 1436 120 11.9667 0.179505
 0.0111916 535 1437 120 11.975 0.156125
 0.0111785 536 1438 120 11.9833 0.128019
 0.0111654 537 1439 120 11.9917 0.0909059
 0.0223048 538 1440 120 12 0
 0.0111602 538 1441 120 12.0083 0.0909059
 0.0111679 538 1442 120 12.0167 0.128019
 0.0111757 538 1443 120 12.025 0.156125
 0.0111834 538 1444 120 12.0333 0.179505
 0.0111911 538 1445 120 12.0417 0.199826
 0.0111989 538 1446 120 12.05 0.217945
 0.0112066 538 1447 120 12.0583 0.234373
 0.0112144 538 1448 120 12.0667 0.249444
 0.0112221 538 1449 120 12.075 0.263391
 0.0112299 538 1450 120 12.0833 0.276385
 0.0112376 538 1451 120 12.0917 0.288555
 0.0112454 538 1452 120 12.1 0.3
 0.0112531 538 1453 120 12.1083 0.310801
 0.0112608 538 1454 120 12.1167 0.321023
 0.0112686 538 1455 120 12.125 0.330719
 0.0112763 538 1456 120 12.1333 0.339935
 0.0112841 538 1457 120 12.1417 0.348708
 0.0112918 538 1458 120 12.15 0.357071
 0.0112996 538 1459 120 12.1583 0.365053
 0.0113073 538 1460 120 12.1667 0.372678
 0.0113151 538 1461 120 12.175 0.379967
 0.0113228 538 1462 120 12.1833 0.38694
 0.0113305 538 1463 120 12.1917 0.393612
 0.0113383 538 1464 120 12.2 0.4
 0.011346 538 1465 120 12.2083 0.406116
 0.0113538 538 1466 120 12.2167 0.411974
 0.0113615 538 1467 120 12.225 0.417582
 0.0113693 538 1468 120 12.2333 0.422953
 0.011377 538 1469 120 12.2417 0.428093
 0.0113848 538 1470 120 12.25 0.433013
 0.0113925 538 1471 120 12.2583 0.437718
 0.0114002 538 1472 120 12.2667 0.442217
 0.011408 538 1473 120 12.275 0.446514
 0.0114157 538 1474 120 12.2833 0.450617
 0.0114235 538 1475 120 12.2917 0.45453
 0.0114312 538 1476 120 12.3 0.458258
 0.011439 538 1477 120 12.3083 0.461805
 0.0114467 538 1478 120 12.3167 0.465176
 0.0114545 538 1479 120 12.325 0.468375
 0.0114622 538 1480 120 12.3333 0.471405
 0.01147 538 1481 120 12.3417 0.474268
 0.0114777 538 1482 120 12.35 0.47697
 0.0114854 538 1483 120 12.3583 0.479511
 0.0114932 538 1484 120 12.3667 0.481894
 0.0115009 538 1485 120 12.375 0.484123
 0.0115087 538 1486 120 12.3833 0.486198
 0.0115164 538 1487 120 12.3917 0.488123
 0.0115242 538 1488 120 12.4 0.489898
 0.0115319 538 1489 120 12.4083 0.491525
 0.0115397 538 1490 120 12.4167 0.493007
 0.0115474 538 1491 120 12.425 0.494343
 0.0115551 538 1492 120 12.4333 0.495536
 0.0115629 538 1493 120 12.4417 0.496586
 0.0115706 538 1494 120 12.45 0.497494
 0.0115784 538 1495 120 12.4583 0.498261
 0.0115861 538 1496 120 12.4667 0.498888
 0.0115939 538 1497 120 12.475 0.499375
 0.0116016 538 1498 120 12.4833 0.499722
 0.0116094 538 1499 120 12.4917 0.499931
 0.0116171 538 1500 120 12.5 0.5
 0.0116248 538 1501 120 12.5083 0.499931
 0.0116326 538 1502 120 12.5167 0.499722
 0.0116403 538 1503 120 12.525 0.499375
 0.0116481 538 1504 120 12.5333 0.498888
 0.0116558 538 1505 120 12.5417 0.498261
 0.0116636 538 1506 120 12.55 0.497494
 0.0116713 538 1507 120 12.5583 0.496586
 0.0116791 538 1508 120 12.5667 0.495536
 0.0116868 538 1509 120 12.575 0.494343
 0.0116945 538 1510 120 12.5833 0.493007
 0.0117023 538 1511 120 12.5917 0.491525
 0.01171 538 1512 120 12.6 0.489898
 0.0117178 538 1513 120 12.6083 0.488123
 0.0117038 539 1514 120 12.6167 0.486198
 0.0117115 539 1515 120 12.625 0.484123
 0.0117192 539 1516 120 12.6333 0.481894
 0.011727 539 1517 120 12.6417 0.479511
 0.011713 540 1518 120 12.65 0.47697
 0.011699 541 1519 120 12.6583 0.474268
 0.0116851 542 1520 120 12.6667 0.471405
 0.0116713 543 1521 120 12.675 0.468375
 0.0116575 544 1522 120 12.6833 0.465176
 0.0116437 545 1523 120 12.6917 0.461805
 0.01163 546 1524 120 12.7 0.458258
 0.0116164 547 1525 120 12.7083 0.45453
 0.0116028 548 1526 120 12.7167 0.450617
 0.0115893 549 1527 120 12.725 0.446514
 0.0115758 550 1528 120 12.7333 0.442217
 0.0115623 551 1529 120 12.7417 0.437718
 0.0115489 552 1530 120 12.75 0.433013
 0.0115356 553 1531 120 12.7583 0.428093
 0.0115223 554 1532 120 12.7667 0.422953
 0.011509 555 1533 120 12.775 0.417582
 0.0114958 556 1534 120 12.7833 0.411974
 0.0114826 557 1535 120 12.7917 0.406116
 0.0114695 558 1536 120 12.8 0.4
 0.0114565 559 1537 120 12.8083 0.393612
 0.0114435 560 1538 120 12.8167 0.38694
 0.0114305 561 1539 120 12.825 0.379967
 0.0114176 562 1540 120 12.8333 0.372678
 0.0114047 563 1541 120 12.8417 0.365053
 0.0113918 564 1542 120 12.85 0.357071
 0.0113791 565 1543 120 12.8583 0.348708
 0.0113663 566 1544 120 12.8667 0.339935
 0.0113536 567 1545 120 12.875 0.330719
 0.011341 568 1546 120 12.8833 0.321023
 0.0113284 569 1547 120 12.8917 0.310801
 0.0113158 570 1548 120 12.9 0.3
 0.0113033 571 1549 120 12.9083 0.288555
 0.0112908 572 1550 120 12.9167 0.276385
 0.0112784 573 1551 120 12.925 0.263391
 0.011266 574 1552 120 12.9333 0.249444
 0.0112536 575 1553 120 12.9417 0.234373
 0.0112413 576 1554 120 12.95 0.217945
 0.0112291 577 1555 120 12.9583 0.199826
 0.0112168 578 1556 120 12.9667 0.179505
 0.0112047 579 1557 120 12.975 0.156125
 0.0111925 580 1558 120 12.9833 0.128019
 0.0111804 581 1559 120 12.9917 0.0909059
 0.0223368 582 1560 120 13 0
 0.0111755 582 1561 120 13.0083 0.0909059
 0.0111827 582 1562 120 13.0167 0.128019
 0.0111899 582 1563 120 13.025 0.156125
 0.011197 582 1564 120 13.0333 0.179505
 0.0112042 582 1565 120 13.0417 0.199826
 0.0112113 582 1566 120 13.05 0.217945
 0.0112185 582 1567 120 13.0583 0.234373
 0.0112257 582 1568 120 13.0667 0.249444
 0.0112328 582 1569 120 13.075 0.263391
 0.01124 582 1570 120 13.0833 0.276385
 0.0112471 582 1571 120 13.0917 0.288555
 0.0112543 582 1572 120 13.1 0.3
 0.0112615 582 1573 120 13.1083 0.310801
 0.0112686 582 1574 120 13.1167 0.321023
 0.0112758 582 1575 120 13.125 0.330719
 0.0112829 582 1576 120 13.1333 0.339935
 0.0112901 582 1577 120 13.1417 0.348708
 0.0112973 582 1578 120 13.15 0.357071
 0.0113044 582 1579 120 13.1583 0.365053
 0.0113116 582 1580 120 13.1667 0.372678
 0.0113187 582 1581 120 13.175 0.379967
 0.0113259 582 1582 120 13.1833 0.38694
 0.011333 582 1583 120 13.1917 0.393612
 0.0113402 582 1584 120 13.2 0.4
 0.0113474 582 1585 120 13.2083 0.406116
 0.0113545 582 1586 120 13.2167 0.411974
 0.0113617 582 1587 120 13.225 0.417582
 0.0113688 582 1588 120 13.2333 0.422953
 0.011376 582 1589 120 13.2417 0.428093
 0.0113832 582 1590 120 13.25 0.433013
 0.0113903 582 1591 120 13.2583 0.437718
 0.0113975 582 1592 120 13.2667 0.442217
 0.0114046 582 1593 120 13.275 0.446514
 0.0114118 582 1594 120 13.2833 0.450617
 0.011419 582 1595 120 13.2917 0.45453
 0.0114261 582 1596 120 13.3 0.458258
 0.0114333 582 1597 120 13.3083 0.461805
 0.0114404 582 1598 120 13.3167 0.465176
 0.0114476 582 1599 120 13.325 0.468375
 0.0114548 582 1600 120 13.3333 0.471405
 0.0114619 582 1601 120 13.3417 0.474268
 0.0114691 582 1602 120 13.35 0.47697
 0.0114762 582 1603 120 13.3583 0.479511
 0.0114834 582 1604 120 13.3667 0.481894
 0.0114905 582 1605 120 13.375 0.484123
 0.0114977 582 1606 120 13.3833 0.486198
 0.0115049 582 1607 120 13.3917 0.488123
 0.011512 582 1608 120 13.4 0.489898
 0.0115192 582 1609 120 13.4083 0.491525
 0.0115263 582 1610 120 13.4167 0.493007
 0.0115335 582 1611 120 13.425 0.494343
 0.0115407 582 1612 120 13.4333 0.495536
 0.0115478 582 1613 120 13.4417 0.496586
 0.011555 582 1614 120 13.45 0.497494
 0.0115621 582 1615 120 13.4583 0.498261
 0.0115693 582 1616 120 13.4667 0.498888
 0.0115765 582 1617 120 13.475 0.499375
 0.0115836 582 1618 120 13.4833 0.499722
 0.0115908 582 1619 120 13.4917 0.499931
 0.0115979 582 1620 120 13.5 0.5
 0.0116051 582 1621 120 13.5083 0.499931
 0.0116123 582 1622 120 13.5167 0.499722
 0.0116194 582 1623 120 13.525 0.499375
 0.0116266 582 1624 120 13.5333 0.498888
 0.0116337 582 1625 120 13.5417 0.498261
 0.0116409 582 1626 120 13.55 0.497494
 0.0116481 582 1627 120 13.5583 0.496586
 0.0116552 582 1628 120 13.5667 0.495536
 0.0116624 582 1629 120 13.575 0.494343
 0.0116695 582 1630 120 13.5833 0.493007
 0.0116767 582 1631 120 13.5917 0.491525
 0.0116838 582 1632 120 13.6 0.489898
 0.011691 582 1633 120 13.6083 0.488123
 0.0116982 582 1634 120 13.6167 0.486198
 0.0116852 583 1635 120 13.625 0.484123
 0.0116924 583 1636 120 13.6333 0.481894
 0.0116995 583 1637 120 13.6417 0.479511
 0.0116866 584 1638 120 13.65 0.47697
 0.0116738 585 1639 120 13.6583 0.474268
 0.011661 586 1640 120 13.6667 0.471405
 0.0116482 587 1641 120 13.675 0.468375
 0.0116355 588 1642 120 13.6833 0.465176
 0.0116228 589 1643 120 13.6917 0.461805
 0.0116102 590 1644 120 13.7 0.458258
 0.0115976 591 1645 120 13.7083 0.45453
 0.011585 592 1646 120 13.7167 0.450617
 0.0115725 593 1647 120 13.725 0.446514
 0.01156 594 1648 120 13.7333 0.442217
 0.0115476 595 1649 120 13.7417 0.437718
 0.0115352 596 1650 120 13.75 0.433013
 0.0115229 597 1651 120 13.7583 0.428093
 0.0115106 598 1652 120 13.7667 0.422953
 0.0114983 599 1653 120 13.775 0.417582
 0.0114861 600 1654 120 13.7833 0.411974
 0.0114739 601 1655 120 13.7917 0.406116
 0.0114618 602 1656 120 13.8 0.4
 0.0114497 603 1657 120 13.8083 0.393612
 0.0114376 604 1658 120 13.8167 0.38694
 0.0114256 605 1659 120 13.825 0.379967
 0.0114136 606 1660 120 13.8333 0.372678
 0.0114017 607 1661 120 13.8417 0.365053
 0.0113898 608 1662 120 13.85 0.357071
 0.0113779 609 1663 120 13.8583 0.348708
 0.0113661 610 1664 120 13.8667 0.339935
 0.0113543 611 1665 120 13.875 0.330719
 0.0113426 612 1666 120 13.8833 0.321023
 0.0113309 613 1667 120 13.8917 0.310801
 0.0113192 614 1668 120 13.9 0.3
 0.0113076 615 1669 120 13.9083 0.288555
 0.011296 616 1670 120 13.9167 0.276385
 0.0112844 617 1671 120 13.925 0.263391
 0.0112729 618 1672 120 13.9333 0.249444
 0.0112614 619 1673 120 13.9417 0.234373
 0.01125 620 1674 120 13.95 0.217945
 0.0112386 621 1675 120 13.9583 0.199826
 0.0112272 622 1676 120 13.9667 0.179505
 0.0112159 623 1677 120 13.975 0.156125
 0.0112046 624 1678 120 13.9833 0.128019
 0.0111933 625 1679 120 13.9917 0.0909059
 0.0223642 626 1680 120 14 0
 0.0111888 626 1681 120 14.0083 0.0909059
 0.0111954 626 1682 120 14.0167 0.128019
 0.0112021 626 1683 120 14.025 0.156125
 0.0112087 626 1684 120 14.0333 0.179505
 0.0112154 626 1685 120 14.0417 0.199826
 0.011222 626 1686 120 14.05 0.217945
 0.0112287 626 1687 120 14.0583 0.234373
 0.0112354 626 1688 120 14.0667 0.249444
 0.011242 626 1689 120 14.075 0.263391
 0.0112487 626 1690 120 14.0833 0.276385
 0.0112553 626 1691 120 14.0917 0.288555
 0.011262 626 1692 120 14.1 0.3
 0.0112686 626 1693 120 14.1083 0.310801
 0.0112753 626 1694 120 14.1167 0.321023
 0.0112819 626 1695 120 14.125 0.330719
 0.0112886 626 1696 120 14.1333 0.339935
 0.0112953 626 1697 120 14.1417 0.348708
 0.0113019 626 1698 120 14.15 0.357071
 0.0113086 626 1699 120 14.1583 0.365053
 0.0113152 626 1700 120 14.1667 0.372678
 0.0113219 626 1701 120 14.175 0.379967
 0.0113285 626 1702 120 14.1833 0.38694
 0.0113352 626 1703 120 14.1917 0.393612
 0.0113419 626 1704 120 14.2 0.4
 0.0113485 626 1705 120 14.2083 0.406116
 0.0113552 626 1706 120 14.2167 0.411974
 0.0113618 626 1707 120 14.225 0.417582
 0.0113685 626 1708 120 14.2333 0.422953
 0.0113751 626 1709 120 14.2417 0.428093
 0.0113818 626 1710 120 14.25 0.433013
 0.0113884 626 1711 120 14.2583 0.437718
 0.0113951 626 1712 120 14.2667 0.442217
 0.0114018 626 1713 120 14.275 0.446514
 0.0114084 626 1714 120 14.2833 0.450617
 0.0114151 626 1715 120 14.2917 0.45453
 0.0114217 626 1716 120 14.3 0.458258
 0.0114284 626 1717 120 14.3083 0.461805
 0.011435 626 1718 120 14.3167 0.465176
 0.0114417 626 1719 120 14.325 0.468375
 0.0114483 626 1720 120 14.3333 0.471405
 0.011455 626 1721 120 14.3417 0.474268
 0.0114617 626 1722 120 14.35 0.47697
 0.0114683 626 1723 120 14.3583 0.479511
 0.011475 626 1724 120 14.3667 0.481894
 0.0114816 626 1725 120 14.375 0.484123
 0.0114883 626 1726 120 14.3833 0.486198
 0.0114949 626 1727 120 14.3917 0.488123
 0.0115016 626 1728 120 14.4 0.489898
 0.0115083 626 1729 120 14.4083 0.491525
 0.0115149 626 1730 120 14.4167 0.493007
 0.0115216 626 1731 120 14.425 0.494343
 0.0115282 626 1732 120 14.4333 0.495536
 0.0115349 626 1733 120 14.4417 0.496586
 0.0115415 626 1734 120 14.45 0.497494
 0.0115482 626 1735 120 14.4583 0.498261
 0.0115548 626 1736 120 14.4667 0.498888
 0.0115615 626 1737 120 14.475 0.499375
 0.0115682 626 1738 120 14.4833 0.499722
 0.0115748 626 1739 120 14.4917 0.499931
 0.0115815 626 1740 120 14.5 0.5
 0.0115881 626 1741 120 14.5083 0.499931
 0.0115948 626 1742 120 14.5167 0.499722
 0.0116014 626 1743 120 14.525 0.499375
 0.0116081 626 1744 120 14.5333 0.498888
 0.0116147 626 1745 120 14.5417 0.498261
 0.0116214 626 1746 120 14.55 0.497494
 0.0116281 626 1747 120 14.5583 0.496586
 0.0116347 626 1748 120 14.5667 0.495536
 0.0116414 626 1749 120 14.575 0.494343
 0.011648 626 1750 120 14.5833 0.493007
 0.0116547 626 1751 120 14.5917 0.491525
 0.0116613 626 1752 120 14.6 0.489898
 0.011668 626 1753 120 14.6083 0.488123
 0.0116747 626 1754 120 14.6167 0.486198
 0.0116627 627 1755 120 14.625 0.484123
 0.0116693 627 1756 120 14.6333 0.481894
 0.011676 627 1757 120 14.6417 0.479511
 0.011664 628 1758 120 14.65 0.47697
 0.0116521 629 1759 120 14.6583 0.474268
 0.0116402 630 1760 120 14.6667 0.471405
 0.0116284 631 1761 120 14.675 0.468375
 0.0116166 632 1762 120 14.6833 0.465176
 0.0116048 633 1763 120 14.6917 0.461805
 0.0115931 634 1764 120 14.7 0.458258
 0.0115814 635 1765 120 14.7083 0.45453
 0.0115697 636 1766 120 14.7167 0.450617
 0.0115581 637 1767 120 14.725 0.446514
 0.0115465 638 1768 120 14.7333 0.442217
 0.011535 639 1769 120 14.7417 0.437718
 0.0115234 640 1770 120 14.75 0.433013
 0.011512 641 1771 120 14.7583 0.428093
 0.0115005 642 1772 120 14.7667 0.422953
 0.0114891 643 1773 120 14.775 0.417582
 0.0114777 644 1774 120 14.7833 0.411974
 0.0114664 645 1775 120 14.7917 0.406116
 0.0114551 646 1776 120 14.8 0.4
 0.0114438 647 1777 120 14.8083 0.393612
 0.0114326 648 1778 120 14.8167 0.38694
 0.0114214 649 1779 120 14.825 0.379967
 0.0114103 650 1780 120 14.8333 0.372678
 0.0113991 651 1781 120 14.8417 0.365053
 0.011388 652 1782 120 14.85 0.357071
 0.011377 653 1783 120 14.8583 0.348708
 0.011366 654 1784 120 14.8667 0.339935
 0.011355 655 1785 120 14.875 0.330719
 0.011344 656 1786 120 14.8833 0.321023
 0.0113331 657 1787 120 14.8917 0.310801
 0.0113222 658 1788 120 14.9 0.3
 0.0113113 659 1789 120 14.9083 0.288555
 0.0113005 660 1790 120 14.9167 0.276385
 0.0112897 661 1791 120 14.925 0.263391
 0.011279 662 1792 120 14.9333 0.249444
 0.0112682 663 1793 120 14.9417 0.234373
 0.0112575 664 1794 120 14.95 0.217945
 0.0112469 665 1795 120 14.9583 0.199826
 0.0112362 666 1796 120 14.9667 0.179505
 0.0112256 667 1797 120 14.975 0.156125
 0.0112151 668 1798 120 14.9833 0.128019
 0.0112045 669 1799 120 14.9917 0.0909059
 0.0223881 670 1800 120 15 0
 0.0112002 670 1801 120 15.0083 0.0909059
 0.0112065 670 1802 120 15.0167 0.128019
 0.0112127 670 1803 120 15.025 0.156125
 0.0112189 670 1804 120 15.0333 0.179505
 0.0112251 670 1805 120 15.0417 0.199826
 0.0112313 670 1806 120 15.05 0.217945
 0.0112376 670 1807 120 15.0583 0.234373
 0.0112438 670 1808 120 15.0667 0.249444
 0.01125 670 1809 120 15.075 0.263391
 0.0112562 670 1810 120 15.0833 0.276385
 0.0112624 670 1811 120 15.0917 0.288555
 0.0112687 670 1812 120 15.1 0.3
 0.0112749 670 1813 120 15.1083 0.310801
 0.0112811 670 1814 120 15.1167 0.321023
 0.0112873 670 1815 120 15.125 0.330719
 0.0112935 670 1816 120 15.1333 0.339935
 0.0112998 670 1817 120 15.1417 0.348708
 0.011306 670 1818 120 15.15 0.357071
 0.0113122 670 1819 120 15.1583 0.365053
 0.0113184 670 1820 120 15.1667 0.372678
 0.0113246 670 1821 120 15.175 0.379967
 0.0113308 670 1822 120 15.1833 0.38694
 0.0113371 670 1823 120 15.1917 0.393612
 0.0113433 670 1824 120 15.2 0.4
 0.0113495 670 1825 120 15.2083 0.406116
 0.0113557 670 1826 120 15.2167 0.411974
 0.0113619 670 1827 120 15.225 0.417582
 0.0113682 670 1828 120 15.2333 0.422953
 0.0113744 670 1829 120 15.2417 0.428093
 0.0113806 670 1830 120 15.25 0.433013
 0.0113868 670 1831 120 15.2583 0.437718
 0.011393 670 1832 120 15.2667 0.442217
 0.0113993 670 1833 120 15.275 0.446514
 0.0114055 670 1834 120 15.2833 0.450617
 0.0114117 670 1835 120 15.2917 0.45453
 0.0114179 670 1836 120 15.3 0.458258
 0.0114241 670 1837 120 15.3083 0.461805
 0.0114303 670 1838 120 15.3167 0.465176
 0.0114366 670 1839 120 15.325 0.468375
 0.0114428 670 1840 120 15.3333 0.471405
 0.011449 670 1841 120 15.3417 0.474268
 0.0114552 670 1842 120 15.35 0.47697
 0.0114614 670 1843 120 15.3583 0.479511
 0.0114677 670 1844 120 15.3667 0.481894
 0.0114739 670 1845 120 15.375 0.484123
 0.0114801 670 1846 120 15.3833 0.486198
 0.0114863 670 1847 120 15.3917 0.488123
 0.0114925 670 1848 120 15.4 0.489898
 0.0114988 670 1849 120 15.4083 0.491525
 0.011505 670 1850 120 15.4167 0.493007
 0.0115112 670 1851 120 15.425 0.494343
 0.0115174 670 1852 120 15.4333 0.495536
 0.0115236 670 1853 120 15.4417 0.496586
 0.0115299 670 1854 120 15.45 0.497494
 0.0115361 670 1855 120 15.4583 0.498261
 0.0115423 670 1856 120 15.4667 0.498888
 0.0115485 670 1857 120 15.475 0.499375
 0.0115547 670 1858 120 15.4833 0.499722
 0.0115609 670 1859 120 15.4917 0.499931
 0.0115672 670 1860 120 15.5 0.5
 0.0115734 670 1861 120 15.5083 0.499931
 0.0115796 670 1862 120 15.5167 0.499722
 0.0115858 670 1863 120 15.525 0.499375
 0.011592 670 1864 120 15.5333 0.498888
 0.0115983 670 1865 120 15.5417 0.498261
 0.0116045 670 1866 120 15.55 0.497494
 0.0116107 670 1867 120 15.5583 0.496586
 0.0116169 670 1868 120 15.5667 0.495536
 0.0116231 670 1869 120 15.575 0.494343
 0.0116294 670 1870 120 15.5833 0.493007
 0.0116356 670 1871 120 15.5917 0.491525
 0.0116418 670 1872 120 15.6 0.489898
 0.011648 670 1873 120 15.6083 0.488123
 0.0116542 670 1874 120 15.6167 0.486198
 0.0116431 671 1875 120 15.625 0.484123
 0.0116493 671 1876 120 15.6333 0.481894
 0.0116555 671 1877 120 15.6417 0.479511
 0.0116443 672 1878 120 15.65 0.47697
 0.0116332 673 1879 120 15.6583 0.474268
 0.0116222 674 1880 120 15.6667 0.471405
 0.0116111 675 1881 120 15.675 0.468375
 0.0116001 676 1882 120 15.6833 0.465176
 0.0115891 677 1883 120 15.6917 0.461805
 0.0115782 678 1884 120 15.7 0.458258
 0.0115673 679 1885 120 15.7083 0.45453
 0.0115564 680 1886 120 15.7167 0.450617
 0.0115455 681 1887 120 15.725 0.446514
 0.0115347 682 1888 120 15.7333 0.442217
 0.0115239 683 1889 120 15.7417 0.437718
 0.0115132 684 1890 120 15.75 0.433013
 0.0115024 685 1891 120 15.7583 0.428093
 0.0114917 686 1892 120 15.7667 0.422953
 0.0114811 687 1893 120 15.775 0.417582
 0.0114704 688 1894 120 15.7833 0.411974
 0.0114598 689 1895 120 15.7917 0.406116
 0.0114493 690 1896 120 15.8 0.4
 0.0114387 691 1897 120 15.8083 0.393612
 0.0114282 692 1898 120 15.8167 0.38694
 0.0114177 693 1899 120 15.825 0.379967
 0.0114073 694 1900 120 15.8333 0.372678
 0.0113969 695 1901 120 15.8417 0.365053
 0.0113865 696 1902 120 15.85 0.357071
 0.0113761 697 1903 120 15.8583 0.348708
 0.0113658 698 1904 120 15.8667 0.339935
 0.0113555 699 1905 120 15.875 0.330719
 0.0113452 700 1906 120 15.8833 0.321023
 0.011335 701 1907 120 15.8917 0.310801
 0.0113248 702 1908 120 15.9 0.3
 0.0113146 703 1909 120 15.9083 0.288555
 0.0113045 704 1910 120 15.9167 0.276385
 0.0112943 705 1911 120 15.925 0.263391
 0.0112842 706 1912 120 15.9333 0.249444
 0.0112742 707 1913 120 15.9417 0.234373
 0.0112641 708 1914 120 15.95 0.217945
 0.0112541 709 1915 120 15.9583 0.199826
 0.0112441 710 1916 120 15.9667 0.179505
 0.0112342 711 1917 120 15.975 0.156125
 0.0112243 712 1918 120 15.9833 0.128019
 0.0112144 713 1919 120 15.9917 0.0909059
 0.022409 714 1920 120 16 0
 0.0112103 714 1921 120 16.0083 0.0909059
 0.0112162 714 1922 120 16.0167 0.128019
 0.011222 714 1923 120 16.025 0.156125
 0.0112278 714 1924 120 16.0333 0.179505
 0.0112337 714 1925 120 16.0417 0.199826
 0.0112395 714 1926 120 16.05 0.217945
 0.0112453 714 1927 120 16.0583 0.234373
 0.0112512 714 1928 120 16.0667 0.249444
 0.011257 714 1929 120 16.075 0.263391
 0.0112628 714 1930 120 16.0833 0.276385
 0.0112687 714 1931 120 16.0917 0.288555
 0.0112745 714 1932 120 16.1 0.3
 0.0112803 714 1933 120 16.1083 0.310801
 0.0112862 714 1934 120 16.1167 0.321023
 0.011292 714 1935 120 16.125 0.330719
 0.0112979 714 1936 120 16.1333 0.339935
 0.0113037 714 1937 120 16.1417 0.348708
 0.0113095 714 1938 120 16.15 0.357071
 0.0113154 714 1939 120 16.1583 0.365053
 0.0113212 714 1940 120 16.1667 0.372678
 0.011327 714 1941 120 16.175 0.379967
 0.0113329 714 1942 120 16.1833 0.38694
 0.0113387 714 1943 120 16.1917 0.393612
 0.0113445 714 1944 120 16.2 0.4
 0.0113504 714 1945 120 16.2083 0.406116
 0.0113562 714 1946 120 16.2167 0.411974
 0.011362 714 1947 120 16.225 0.417582
 0.0113679 714 1948 120 16.2333 0.422953
 0.0113737 714 1949 120 16.2417 0.428093
 0.0113796 714 1950 120 16.25 0.433013
 0.0113854 714 1951 120 16.2583 0.437718
 0.0113912 714 1952 120 16.2667 0.442217
 0.0113971 714 1953 120 16.275 0.446514
 0.0114029 714 1954 120 16.2833 0.450617
 0.0114087 714 1955 120 16.2917 0.45453
 0.0114146 714 1956 120 16.3 0.458258
 0.0114204 714 1957 120 16.3083 0.461805
 0.0114262 714 1958 120 16.3167 0.465176
 0.0114321 714 1959 120 16.325 0.468375
 0.0114379 714 1960 120 16.3333 0.471405
 0.0114437 714 1961 120 16.3417 0.474268
 0.0114496 714 1962 120 16.35 0.47697
 0.0114554 714 1963 120 16.3583 0.479511
 0.0114613 714 1964 120 16.3667 0.481894
 0.0114671 714 1965 120 16.375 0.484123
 0.0114729 714 1966 120 16.3833 0.486198
 0.0114788 714 1967 120 16.3917 0.488123
 0.0114846 714 1968 120 16.4 0.489898
 0.0114904 714 1969 120 16.4083 0.491525
 0.0114963 714 1970 120 16.4167 0.493007
 0.0115021 714 1971 120 16.425 0.494343
 0.0115079 714 1972 120 16.4333 0.495536
 0.0115138 714 1973 120 16.4417 0.496586
 0.0115196 714 1974 120 16.45 0.497494
 0.0115254 714 1975 120 16.4583 0.498261
 0.0115313 714 1976 120 16.4667 0.498888
 0.0115371 714 1977 120 16.475 0.499375
 0.011543 714 1978 120 16.4833 0.499722
 0.0115488 714 1979 120 16.4917 0.499931
 0.0115546 714 1980 120 16.5 0.5
 0.0115605 714 1981 120 16.5083 0.499931
 0.0115663 714 1982 120 16.5167 0.499722
 0.0115721 714 1983 120 16.525 0.499375
 0.011578 714 1984 120 16.5333 0.498888
 0.0115838 714 1985 120 16.5417 0.498261
 0.0115896 714 1986 120 16.55 0.497494
 0.0115955 714 1987 120 16.5583 0.496586
 0.0116013 714 1988 120 16.5667 0.495536
 0.0116071 714 1989 120 16.575 0.494343
 0.011613 714 1990 120 16.5833 0.493007
 0.0116188 714 1991 120 16.5917 0.491525
 0.0116246 714 1992 120 16.6 0.489898
 0.0116305 714 1993 120 16.6083 0.488123
 0.0116363 714 1994 120 16.6167 0.486198
 0.0116259 715 1995 120 16.625 0.484123
 0.0116317 715 1996 120 16.6333 0.481894
 0.0116375 715 1997 120 16.6417 0.479511
 0.0116271 716 1998 120 16.65 0.47697
 0.0116167 717 1999 120 16.6583 0.474268
 0.0116063 718 2000 120 16.6667 0.471405
 0.011596 719 2001 120 16.675 0.468375
 0.0115856 720 2002 120 16.6833 0.465176
 0.0115754 721 2003 120 16.6917 0.461805
 0.0115651 722 2004 120 16.7 0.458258
 0.0115549 723 2005 120 16.7083 0.45453
 0.0115447 724 2006 120 16.7167 0.450617
 0.0115345 725 2007 120 16.725 0.446514
 0.0115243 726 2008 120 16.7333 0.442217
 0.0115142 727 2009 120 16.7417 0.437718
 0.0115041 728 2010 120 16.75 0.433013
 0.0114941 729 2011 120 16.7583 0.428093
 0.011484 730 2012 120 16.7667 0.422953
 0.011474 731 2013 120 16.775 0.417582
 0.011464 732 2014 120 16.7833 0.411974
 0.0114541 733 2015 120 16.7917 0.406116
 0.0114441 734 2016 120 16.8 0.4
 0.0114342 735 2017 120 16.8083 0.393612
 0.0114244 736 2018 120 16.8167 0.38694
 0.0114145 737 2019 120 16.825 0.379967
 0.0114047 738 2020 120 16.8333 0.372678
 0.0113949 739 2021 120 16.8417 0.365053
 0.0113851 740 2022 120 16.85 0.357071
 0.0113754 741 2023 120 16.8583 0.348708
 0.0113657 742 2024 120 16.8667 0.339935
 0.011356 743 2025 120 16.875 0.330719
 0.0113463 744 2026 120 16.8833 0.321023
 0.0113367 745 2027 120 16.8917 0.310801
 0.0113271 746 2028 120 16.9 0.3
 0.0113175 747 2029 120 16.9083 0.288555
 0.0113079 748 2030 120 16.9167 0.276385
 0.0112984 749 2031 120 16.925 0.263391
 0.0112889 750 2032 120 16.9333 0.249444
 0.0112794 751 2033 120 16.9417 0.234373
 0.0112699 752 2034 120 16.95 0.217945
 0.0112605 753 2035 120 16.9583 0.199826
 0.0112511 754 2036 120 16.9667 0.179505
 0.0112417 755 2037 120 16.975 0.156125
 0.0112324 756 2038 120 16.9833 0.128019
 0.011223 757 2039 120 16.9917 0.0909059
 0.0224274 758 2040 120 17 0
 0.0112192 758 2041 120 17.0083 0.0909059
 0.0112247 758 2042 120 17.0167 0.128019
 0.0112302 758 2043 120 17.025 0.156125
 0.0112357 758 2044 120 17.0333 0.179505
 0.0112412 758 2045 120 17.0417 0.199826
 0.0112467 758 2046 120 17.05 0.217945
 0.0112522 758 2047 120 17.0583 0.234373
 0.0112577 758 2048 120 17.0667 0.249444
 0.0112632 758 2049 120 17.075 0.263391
 0.0112687 758 2050 120 17.0833 0.276385
 0.0112742 758 2051 120 17.0917 0.288555
 0.0112797 758 2052 120 17.1 0.3
 0.0112852 758 2053 120 17.1083 0.310801
 0.0112907 758 2054 120 17.1167 0.321023
 0.0112962 758 2055 120 17.125 0.330719
 0.0113017 758 2056 120 17.1333 0.339935
 0.0113072 758 2057 120 17.1417 0.348708
 0.0113127 758 2058 120 17.15 0.357071
 0.0113182 758 2059 120 17.1583 0.365053
 0.0113237 758 2060 120 17.1667 0.372678
 0.0113292 758 2061 120 17.175 0.379967
 0.0113347 758 2062 120 17.1833 0.38694
 0.0113401 758 2063 120 17.1917 0.393612
 0.0113456 758 2064 120 17.2 0.4
 0.0113511 758 2065 120 17.2083 0.406116
 0.0113566 758 2066 120 17.2167 0.411974
 0.0113621 758 2067 120 17.225 0.417582
 0.0113676 758 2068 120 17.2333 0.422953
 0.0113731 758 2069 120 17.2417 0.428093
 0.0113786 758 2070 120 17.25 0.433013
 0.0113841 758 2071 120 17.2583 0.437718
 0.0113896 758 2072 120 17.2667 0.442217
 0.0113951 758 2073 120 17.275 0.446514
 0.0114006 758 2074 120 17.2833 0.450617
 0.0114061 758 2075 120 17.2917 0.45453
 0.0114116 758 2076 120 17.3 0.458258
 0.0114171 758 2077 120 17.3083 0.461805
 0.0114226 758 2078 120 17.3167 0.465176
 0.0114281 758 2079 120 17.325 0.468375
 0.0114336 758 2080 120 17.3333 0.471405
 0.0114391 758 2081 120 17.3417 0.474268
 0.0114446 758 2082 120 17.35 0.47697
 0.0114501 758 2083 120 17.3583 0.479511
 0.0114556 758 2084 120 17.3667 0.481894
 0.0114611 758 2085 120 17.375 0.484123
 0.0114666 758 2086 120 17.3833 0.486198
 0.0114721 758 2087 120 17.3917 0.488123
 0.0114776 758 2088 120 17.4 0.489898
 0.0114831 758 2089 120 17.4083 0.491525
 0.0114886 758 2090 120 17.4167 0.493007
 0.0114941 758 2091 120 17.425 0.494343
 0.0114996 758 2092 120 17.4333 0.495536
 0.0115051 758 2093 120 17.4417 0.496586
 0.0115106 758 2094 120 17.45 0.497494
 0.0115161 758 2095 120 17.4583 0.498261
 0.0115215 758 2096 120 17.4667 0.498888
 0.011527 758 2097 120 17.475 0.499375
 0.0115325 758 2098 120 17.4833 0.499722
 0.011538 758 2099 120 17.4917 0.499931
 0.0115435 758 2100 120 17.5 0.5
 0.011549 758 2101 120 17.5083 0.499931
 0.0115545 758 2102 120 17.5167 0.499722
 0.01156 758 2103 120 17.525 0.499375
 0.0115655 758 2104 120 17.5333 0.498888
 0.011571 758 2105 120 17.5417 0.498261
 0.0115765 758 2106 120 17.55 0.497494
 0.011582 758 2107 120 17.5583 0.496586
 0.0115875 758 2108 120 17.5667 0.495536
 0.011593 758 2109 120 17.575 0.494343
 0.0115985 758 2110 120 17.5833 0.493007
 0.011604 758 2111 120 17.5917 0.491525
 0.0116095 758 2112 120 17.6 0.489898
 0.011615 758 2113 120 17.6083 0.488123
 0.0116205 758 2114 120 17.6167 0.486198
 0.0116107 759 2115 120 17.625 0.484123
 0.0116162 759 2116 120 17.6333 0.481894
 0.0116217 759 2117 120 17.6417 0.479511
 0.0116118 760 2118 120 17.65 0.47697
 0.0116021 761 2119 120 17.6583 0.474268
 0.0115923 762 2120 120 17.6667 0.471405
 0.0115826 763 2121 120 17.675 0.468375
 0.0115729 764 2122 120 17.6833 0.465176
 0.0115632 765 2123 120 17.6917 0.461805
 0.0115535 766 2124 120 17.7 0.458258
 0.0115439 767 2125 120 17.7083 0.45453
 0.0115343 768 2126 120 17.7167 0.450617
 0.0115247 769 2127 120 17.725 0.446514
 0.0115152 770 2128 120 17.7333 0.442217
 0.0115056 771 2129 120 17.7417 0.437718
 0.0114961 772 2130 120 17.75 0.433013
 0.0114866 773 2131 120 17.7583 0.428093
 0.0114772 774 2132 120 17.7667 0.422953
 0.0114677 775 2133 120 17.775 0.417582
 0.0114583 776 2134 120 17.7833 0.411974
 0.0114489 777 2135 120 17.7917 0.406116
 0.0114396 778 2136 120 17.8 0.4
 0.0114303 779 2137 120 17.8083 0.393612
 0.0114209 780 2138 120 17.8167 0.38694
 0.0114117 781 2139 120 17.825 0.379967
 0.0114024 782 2140 120 17.8333 0.372678
 0.0113931 783 2141 120 17.8417 0.365053
 0.0113839 784 2142 120 17.85 0.357071
 0.0113747 785 2143 120 17.8583 0.348708
 0.0113656 786 2144 120 17.8667 0.339935
 0.0113564 787 2145 120 17.875 0.330719
 0.0113473 788 2146 120 17.8833 0.321023
 0.0113382 789 2147 120 17.8917 0.310801
 0.0113291 790 2148 120 17.9 0.3
 0.0113201 791 2149 120 17.9083 0.288555
 0.011311 792 2150 120 17.9167 0.276385
 0.011302 793 2151 120 17.925 0.263391
 0.011293 794 2152 120 17.9333 0.249444
 0.0112841 795 2153 120 17.9417 0.234373
 0.0112751 796 2154 120 17.95 0.217945
 0.0112662 797 2155 120 17.9583 0.199826
 0.0112573 798 2156 120 17.9667 0.179505
 0.0112484 799 2157 120 17.975 0.156125
 0.0112396 800 2158 120 17.9833 0.128019
 0.0112308 801 2159 120 17.9917 0.0909059
 0.0224439 802 2160 120 18 0
 0.0112271 802 2161 120 18.0083 0.0909059
 0.0112323 802 2162 120 18.0167 0.128019
 0.0112375 802 2163 120 18.025 0.156125
 0.0112427 802 2164 120 18.0333 0.179505
 0.0112479 802 2165 120 18.0417 0.199826
 0.0112531 802 2166 120 18.05 0.217945
 0.0112583 802 2167 120 18.0583 0.234373
 0.0112635 802 2168 120 18.0667 0.249444
 0.0112687 802 2169 120 18.075 0.263391
 0.0112739 802 2170 120 18.0833 0.276385
 0.0112791 802 2171 120 18.0917 0.288555
 0.0112843 802 2172 120 18.1 0.3
 0.0112895 802 2173 120 18.1083 0.310801
 0.0112947 802 2174 120 18.1167 0.321023
 0.0112999 802 2175 120 18.125 0.330719
 0.0113051 802 2176 120 18.1333 0.339935
 0.0113103 802 2177 120 18.1417 0.348708
 0.0113155 802 2178 120 18.15 0.357071
 0.0113207 802 2179 120 18.1583 0.365053
 0.0113259 802 2180 120 18.1667 0.372678
 0.011331 802 2181 120 18.175 0.379967
 0.0113362 802 2182 120 18.1833 0.38694
 0.0113414 802 2183 120 18.1917 0.393612
 0.0113466 802 2184 120 18.2 0.4
 0.0113518 802 2185 120 18.2083 0.406116
 0.011357 802 2186 120 18.2167 0.411974
 0.0113622 802 2187 120 18.225 0.417582
 0.0113674 802 2188 120 18.2333 0.422953
 0.0113726 802 2189 120 18.2417 0.428093
 0.0113778 802 2190 120 18.25 0.433013
 0.011383 802 2191 120 18.2583 0.437718
 0.0113882 802 2192 120 18.2667 0.442217
 0.0113934 802 2193 120 18.275 0.446514
 0.0113986 802 2194 120 18.2833 0.450617
 0.0114038 802 2195 120 18.2917 0.45453
 0.011409 802 2196 120 18.3 0.458258
 0.0114142 802 2197 120 18.3083 0.461805
 0.0114194 802 2198 120 18.3167 0.465176
 0.0114246 802 2199 120 18.325 0.468375
 0.0114298 802 2200 120 18.3333 0.471405
 0.011435 802 2201 120 18.3417 0.474268
 0.0114401 802 2202 120 18.35 0.47697
 0.0114453 802 2203 120 18.3583 0.479511
 0.0114505 802 2204 120 18.3667 0.481894
 0.0114557 802 2205 120 18.375 0.484123
 0.0114609 802 2206 120 18.3833 0.486198
 0.0114661 802 2207 120 18.3917 0.488123
 0.0114713 802 2208 120 18.4 0.489898
 0.0114765 802 2209 120 18.4083 0.491525
 0.0114817 802 2210 120 18.4167 0.493007
 0.0114869 802 2211 120 18.425 0.494343
 0.0114921 802 2212 120 18.4333 0.495536
 0.0114973 802 2213 120 18.4417 0.496586
 0.0115025 802 2214 120 18.45 0.497494
 0.0115077 802 2215 120 18.4583 0.498261
 0.0115129 802 2216 120 18.4667 0.498888
 0.0115181 802 2217 120 18.475 0.499375
 0.0115233 802 2218 120 18.4833 0.499722
 0.0115285 802 2219 120 18.4917 0.499931
 0.0115337 802 2220 120 18.5 0.5
 0.0115389 802 2221 120 18.5083 0.499931
 0.0115441 802 2222 120 18.5167 0.499722
 0.0115493 802 2223 120 18.525 0.499375
 0.0115544 802 2224 120 18.5333 0.498888
 0.0115596 802 2225 120 18.5417 0.498261
 0.0115648 802 2226 120 18.55 0.497494
 0.01157 802 2227 120 18.5583 0.496586
 0.0115752 802 2228 120 18.5667 0.495536
 0.0115804 802 2229 120 18.575 0.494343
 0.0115856 802 2230 120 18.5833 0.493007
 0.0115908 802 2231 120 18.5917 0.491525
 0.011596 802 2232 120 18.6 0.489898
 0.0116012 802 2233 120 18.6083 0.488123
 0.0116064 802 2234 120 18.6167 0.486198
 0.0115971 803 2235 120 18.625 0.484123
 0.0116023 803 2236 120 18.6333 0.481894
 0.0116075 803 2237 120 18.6417 0.479511
 0.0115983 804 2238 120 18.65 0.47697
 0.011589 805 2239 120 18.6583 0.474268
 0.0115798 806 2240 120 18.6667 0.471405
 0.0115706 807 2241 120 18.675 0.468375
 0.0115615 808 2242 120 18.6833 0.465176
 0.0115523 809 2243 120 18.6917 0.461805
 0.0115432 810 2244 120 18.7 0.458258
 0.0115341 811 2245 120 18.7083 0.45453
 0.011525 812 2246 120 18.7167 0.450617
 0.011516 813 2247 120 18.725 0.446514
 0.011507 814 2248 120 18.7333 0.442217
 0.011498 815 2249 120 18.7417 0.437718
 0.011489 816 2250 120 18.75 0.433013
 0.01148 817 2251 120 18.7583 0.428093
 0.0114711 818 2252 120 18.7667 0.422953
 0.0114621 819 2253 120 18.775 0.417582
 0.0114533 820 2254 120 18.7833 0.411974
 0.0114444 821 2255 120 18.7917 0.406116
 0.0114355 822 2256 120 18.8 0.4
 0.0114267 823 2257 120 18.8083 0.393612
 0.0114179 824 2258 120 18.8167 0.38694
 0.0114091 825 2259 120 18.825 0.379967
 0.0114003 826 2260 120 18.8333 0.372678
 0.0113916 827 2261 120 18.8417 0.365053
 0.0113829 828 2262 120 18.85 0.357071
 0.0113741 829 2263 120 18.8583 0.348708
 0.0113655 830 2264 120 18.8667 0.339935
 0.0113568 831 2265 120 18.875 0.330719
 0.0113482 832 2266 120 18.8833 0.321023
 0.0113395 833 2267 120 18.8917 0.310801
 0.0113309 834 2268 120 18.9 0.3
 0.0113224 835 2269 120 18.9083 0.288555
 0.0113138 836 2270 120 18.9167 0.276385
 0.0113053 837 2271 120 18.925 0.263391
 0.0112967 838 2272 120 18.9333 0.249444
 0.0112882 839 2273 120 18.9417 0.234373
 0.0112798 840 2274 120 18.95 0.217945
 0.0112713 841 2275 120 18.9583 0.199826
 0.0112629 842 2276 120 18.9667 0.179505
 0.0112544 843 2277 120 18.975 0.156125
 0.0112461 844 2278 120 18.9833 0.128019
 0.0112377 845 2279 120 18.9917 0.0909059
 0.0224586 846 2280 120 19 0
 0.0112342 846 2281 120 19.0083 0.0909059
 0.0112392 846 2282 120 19.0167 0.128019
 0.0112441 846 2283 120 19.025 0.156125
 0.011249 846 2284 120 19.0333 0.179505
 0.0112539 846 2285 120 19.0417 0.199826
 0.0112589 846 2286 120 19.05 0.217945
 0.0112638 846 2287 120 19.0583 0.234373
 0.0112687 846 2288 120 19.0667 0.249444
 0.0112736 846 2289 120 19.075 0.263391
 0.0112786 846 2290 120 19.0833 0.276385
 0.0112835 846 2291 120 19.0917 0.288555
 0.0112884 846 2292 120 19.1 0.3
 0.0112933 846 2293 120 19.1083 0.310801
 0.0112983 846 2294 120 19.1167 0.321023
 0.0113032 846 2295 120 19.125 0.330719
 0.0113081 846 2296 120 19.1333 0.339935
 0.011313 846 2297 120 19.1417 0.348708
 0.011318 846 2298 120 19.15 0.357071
 0.0113229 846 2299 120 19.1583 0.365053
 0.0113278 846 2300 120 19.1667 0.372678
 0.0113327 846 2301 120 19.175 0.379967
 0.0113377 846 2302 120 19.1833 0.38694
 0.0113426 846 2303 120 19.1917 0.393612
 0.0113475 846 2304 120 19.2 0.4
 0.0113524 846 2305 120 19.2083 0.406116
 0.0113574 846 2306 120 19.2167 0.411974
 0.0113623 846 2307 120 19.225 0.417582
 0.0113672 846 2308 120 19.2333 0.422953
 0.0113721 846 2309 120 19.2417 0.428093
 0.0113771 846 2310 120 19.25 0.433013
 0.011382 846 2311 120 19.2583 0.437718
 0.0113869 846 2312 120 19.2667 0.442217
 0.0113918 846 2313 120 19.275 0.446514
 0.0113968 846 2314 120 19.2833 0.450617
 0.0114017 846 2315 120 19.2917 0.45453
 0.0114066 846 2316 120 19.3 0.458258
 0.0114115 846 2317 120 19.3083 0.461805
 0.0114165 846 2318 120 19.3167 0.465176
 0.0114214 846 2319 120 19.325 0.468375
 0.0114263 846 2320 120 19.3333 0.471405
 0.0114312 846 2321 120 19.3417 0.474268
 0.0114362 846 2322 120 19.35 0.47697
 0.0114411 846 2323 120 19.3583 0.479511
 0.011446 846 2324 120 19.3667 0.481894
 0.0114509 846 2325 120 19.375 0.484123
 0.0114559 846 2326 120 19.3833 0.486198
 0.0114608 846 2327 120 19.3917 0.488123
 0.0114657 846 2328 120 19.4 0.489898
 0.0114706 846 2329 120 19.4083 0.491525
 0.0114756 846 2330 120 19.4167 0.493007
 0.0114805 846 2331 120 19.425 0.494343
 0.0114854 846 2332 120 19.4333 0.495536
 0.0114903 846 2333 120 19.4417 0.496586
 0.0114953 846 2334 120 19.45 0.497494
 0.0115002 846 2335 120 19.4583 0.498261
 0.0115051 846 2336 120 19.4667 0.498888
 0.01151 846 2337 120 19.475 0.499375
 0.011515 846 2338 120 19.4833 0.499722
 0.0115199 846 2339 120 19.4917 0.499931
 0.0115248 846 2340 120 19.5 0.5
 0.0115297 846 2341 120 19.5083 0.499931
 0.0115347 846 2342 120 19.5167 0.499722
 0.0115396 846 2343 120 19.525 0.499375
 0.0115445 846 2344 120 19.5333 0.498888
 0.0115494 846 2345 120 19.5417 0.498261
 0.0115544 846 2346 120 19.55 0.497494
 0.0115593 846 2347 120 19.5583 0.496586
 0.0115642 846 2348 120 19.5667 0.495536
 0.0115691 846 2349 120 19.575 0.494343
 0.0115741 846 2350 120 19.5833 0.493007
 0.011579 846 2351 120 19.5917 0.491525
 0.0115839 846 2352 120 19.6 0.489898
 0.0115888 846 2353 120 19.6083 0.488123
 0.0115938 846 2354 120 19.6167 0.486198
 0.011585 847 2355 120 19.625 0.484123
 0.0115899 847 2356 120 19.6333 0.481894
 0.0115948 847 2357 120 19.6417 0.479511
 0.0115861 848 2358 120 19.65 0.47697
 0.0115773 849 2359 120 19.6583 0.474268
 0.0115686 850 2360 120 19.6667 0.471405
 0.0115599 851 2361 120 19.675 0.468375
 0.0115513 852 2362 120 19.6833 0.465176
 0.0115426 853 2363 120 19.6917 0.461805
 0.011534 854 2364 120 19.7 0.458258
 0.0115253 855 2365 120 19.7083 0.45453
 0.0115167 856 2366 120 19.7167 0.450617
 0.0115082 857 2367 120 19.725 0.446514
 0.0114996 858 2368 120 19.7333 0.442217
 0.0114911 859 2369 120 19.7417 0.437718
 0.0114826 860 2370 120 19.75 0.433013
 0.0114741 861 2371 120 19.7583 0.428093
 0.0114656 862 2372 120 19.7667 0.422953
 0.0114571 863 2373 120 19.775 0.417582
 0.0114487 864 2374 120 19.7833 0.411974
 0.0114403 865 2375 120 19.7917 0.406116
 0.0114319 866 2376 120 19.8 0.4
 0.0114235 867 2377 120 19.8083 0.393612
 0.0114151 868 2378 120 19.8167 0.38694
 0.0114068 869 2379 120 19.825 0.379967
 0.0113985 870 2380 120 19.8333 0.372678
 0.0113902 871 2381 120 19.8417 0.365053
 0.0113819 872 2382 120 19.85 0.357071
 0.0113736 873 2383 120 19.8583 0.348708
 0.0113654 874 2384 120 19.8667 0.339935
 0.0113571 875 2385 120 19.875 0.330719
 0.0113489 876 2386 120 19.8833 0.321023
 0.0113407 877 2387 120 19.8917 0.310801
 0.0113326 878 2388 120 19.9 0.3
 0.0113244 879 2389 120 19.9083 0.288555
 0.0113163 880 2390 120 19.9167 0.276385
 0.0113082 881 2391 120 19.925 0.263391
 0.0113001 882 2392 120 19.9333 0.249444
 0.011292 883 2393 120 19.9417 0.234373
 0.0112839 884 2394 120 19.95 0.217945
 0.0112759 885 2395 120 19.9583 0.199826
 0.0112679 886 2396 120 19.9667 0.179505
 0.0112599 887 2397 120 19.975 0.156125
 0.0112519 888 2398 120 19.9833 0.128019
 0.0112439 889 2399 120 19.9917 0.0909059
 0.0224719 890 2400 120 20 0
20 890 2400
