 0.501046 1 1 120 0.00833333 0.0909059
 1.0042 1 2 120 0.0166667 0.128019
 1.50949 1 3 120 0.025 0.156125
 2.01695 1 4 120 0.0333333 0.179505
 1.2633 2 5 120 0.0416667 0.199826
 1.51923 2 6 120 0.05 0.217945
 1.77629 2 7 120 0.0583333 0.234373
 2.03449 2 8 120 0.0666667 0.249444
 1.52923 3 9 120 0.075 0.263391
 1.70292 3 10 120 0.0833333 0.276385
 1.87739 3 11 120 0.0916667 0.288555
 2.05267 3 12 120 0.1 0.3
 2.22876 3 13 120 0.108333 0.310801
 2.40567 3 14 120 0.116667 0.321023
 1.93757 4 15 120 0.125 0.330719
 2.07152 4 16 120 0.133333 0.339935
 2.20612 4 17 120 0.141667 0.348708
 2.34137 4 18 120 0.15 0.357071
 2.47728 4 19 120 0.158333 0.365053
 2.61387 4 20 120 0.166667 0.372678
 2.75115 4 21 120 0.175 0.379967
 2.88912 4 22 120 0.183333 0.38694
 3.02779 4 23 120 0.191667 0.393612
 2.53375 5 24 120 0.2 0.4
 2.64584 5 25 120 0.208333 0.406116
 2.75853 5 26 120 0.216667 0.411974
 2.87182 5 27 120 0.225 0.417582
 2.98572 5 28 120 0.233333 0.422953
 3.10024 5 29 120 0.241667 0.428093
 2.67949 6 30 120 0.25 0.433013
 2.77599 6 31 120 0.258333 0.437718
 2.87302 6 32 120 0.266667 0.442217
 2.97061 6 33 120 0.275 0.446514
 3.06877 6 34 120 0.283333 0.450617
 3.16749 6 35 120 0.291667 0.45453
 2.80011 7 36 120 0.3 0.458258
 2.88574 7 37 120 0.308333 0.461805
 2.97189 7 38 120 0.316667 0.465176
 3.05856 7 39 120 0.325 0.468375
 2.75255 8 40 120 0.333333 0.471405
 2.82934 8 41 120 0.341667 0.474268
 2.90661 8 42 120 0.35 0.47697
 2.98439 8 43 120 0.358333 0.479511
 3.06266 8 44 120 0.366667 0.481894
 2.79241 9 45 120 0.375 0.484123
 2.86292 9 46 120 0.383333 0.486198
 2.9339 9 47 120 0.391667 0.488123
 3.00538 9 48 120 0.4 0.489898
 2.76962 10 49 120 0.408333 0.491525
 2.83485 10 50 120 0.416667 0.493007
 2.90055 10 51 120 0.425 0.494343
 2.96673 10 52 120 0.433333 0.495536
 2.75763 11 53 120 0.441667 0.496586
 2.81869 11 54 120 0.45 0.497494
 2.88022 11 55 120 0.458333 0.498261
 2.94222 11 56 120 0.466667 0.498888
 3.0047 11 57 120 0.475 0.499375
 2.81205 12 58 120 0.483333 0.499722
 2.87025 12 59 120 0.491667 0.499931
 2.92893 12 60 120 0.5 0.5
 2.75825 13 61 120 0.508333 0.499931
 2.81334 13 62 120 0.516667 0.499722
 2.8689 13 63 120 0.525 0.499375
 2.92495 13 64 120 0.533333 0.498888
 2.76854 14 65 120 0.541667 0.498261
 2.82154 14 66 120 0.55 0.497494
 2.87503 14 67 120 0.558333 0.496586
 2.73376 15 68 120 0.566667 0.495536
 2.78464 15 69 120 0.575 0.494343
 2.83602 15 70 120 0.583333 0.493007
 2.70743 16 71 120 0.591667 0.491525
 2.75658 16 72 120 0.6 0.489898
 2.80625 16 73 120 0.608333 0.488123
 2.68843 17 74 120 0.616667 0.486198
 2.73619 17 75 120 0.625 0.484123
 2.78449 17 76 120 0.633333 0.481894
 2.67594 18 77 120 0.641667 0.479511
 2.72261 18 78 120 0.65 0.47697
 2.62407 19 79 120 0.658333 0.474268
 2.66937 19 80 120 0.666667 0.471405
 2.71524 19 81 120 0.675 0.468375
 2.62361 20 82 120 0.683333 0.465176
 2.66833 20 83 120 0.691667 0.461805
 2.58444 21 84 120 0.7 0.458258
 2.62822 21 85 120 0.708333 0.45453
 2.55114 22 86 120 0.716667 0.450617
 2.59416 22 87 120 0.725 0.446514
 2.63783 22 88 120 0.733333 0.442217
 2.56557 23 89 120 0.741667 0.437718
 2.6087 23 90 120 0.75 0.433013
 2.54202 24 91 120 0.758333 0.428093
 2.58477 24 92 120 0.766667 0.422953
 2.52316 25 93 120 0.775 0.417582
 2.46704 26 94 120 0.783333 0.411974
 2.41584 27 95 120 0.791667 0.406116
 2.36908 28 96 120 0.8 0.4
 2.32636 29 97 120 0.808333 0.393612
 2.2873 30 98 120 0.816667 0.38694
 2.25163 31 99 120 0.825 0.379967
 2.21907 32 100 120 0.833333 0.372678
 2.18941 33 101 120 0.841667 0.365053
 2.16248 34 102 120 0.85 0.357071
 2.1381 35 103 120 0.858333 0.348708
 2.11617 36 104 120 0.866667 0.339935
 2.09658 37 105 120 0.875 0.330719
 2.07927 38 106 120 0.883333 0.321023
 2.1185 38 107 120 0.891667 0.310801
 2.10391 39 108 120 0.9 0.3
 2.0917 40 109 120 0.908333 0.288555
 2.08193 41 110 120 0.916667 0.276385
 2.07468 42 111 120 0.925 0.263391
 2.07014 43 112 120 0.933333 0.249444
 2.06857 44 113 120 0.941667 0.234373
 2.07038 45 114 120 0.95 0.217945
 2.0762 46 115 120 0.958333 0.199826
 2.08704 47 116 120 0.966667 0.179505
 2.10472 48 117 120 0.975 0.156125
 2.13282 49 118 120 0.983333 0.128019
 2.18091 50 119 120 0.991667 0.0909059
 2.35294 51 120 120 1 0
 1.18876 51 121 120 1.00833 0.0909059
 1.2011 51 122 120 1.01667 0.128019
 1.21351 51 123 120 1.025 0.156125
 1.22599 51 124 120 1.03333 0.179505
 1.23853 51 125 120 1.04167 0.199826
 1.25113 51 126 120 1.05 0.217945
 1.26381 51 127 120 1.05833 0.234373
 1.27654 51 128 120 1.06667 0.249444
 1.28935 51 129 120 1.075 0.263391
 1.30223 51 130 120 1.08333 0.276385
 1.31518 51 131 120 1.09167 0.288555
 1.3282 51 132 120 1.1 0.3
 1.34129 51 133 120 1.10833 0.310801
 1.35446 51 134 120 1.11667 0.321023
 1.3677 51 135 120 1.125 0.330719
 1.38101 51 136 120 1.13333 0.339935
 1.39441 51 137 120 1.14167 0.348708
 1.40788 51 138 120 1.15 0.357071
 1.42143 51 139 120 1.15833 0.365053
 1.43507 51 140 120 1.16667 0.372678
 1.44878 51 141 120 1.175 0.379967
 1.46258 51 142 120 1.18333 0.38694
 1.47647 51 143 120 1.19167 0.393612
 1.49044 51 144 120 1.2 0.4
 1.5045 51 145 120 1.20833 0.406116
 1.51865 51 146 120 1.21667 0.411974
 1.53289 51 147 120 1.225 0.417582
 1.54722 51 148 120 1.23333 0.422953
 1.56165 51 149 120 1.24167 0.428093
 1.57617 51 150 120 1.25 0.433013
 1.59079 51 151 120 1.25833 0.437718
 1.60551 51 152 120 1.26667 0.442217
 1.62033 51 153 120 1.275 0.446514
 1.63526 51 154 120 1.28333 0.450617
 1.65029 51 155 120 1.29167 0.45453
 1.66543 51 156 120 1.3 0.458258
 1.68067 51 157 120 1.30833 0.461805
 1.69603 51 158 120 1.31667 0.465176
 1.7115 51 159 120 1.325 0.468375
 1.72709 51 160 120 1.33333 0.471405
 1.7428 51 161 120 1.34167 0.474268
 1.75862 51 162 120 1.35 0.47697
 1.77457 51 163 120 1.35833 0.479511
 1.79065 51 164 120 1.36667 0.481894
 1.80685 51 165 120 1.375 0.484123
 1.82319 51 166 120 1.38333 0.486198
 1.83966 51 167 120 1.39167 0.488123
 1.85626 51 168 120 1.4 0.489898
 1.87301 51 169 120 1.40833 0.491525
 1.8899 51 170 120 1.41667 0.493007
 1.90694 51 171 120 1.425 0.494343
 1.92412 51 172 120 1.43333 0.495536
 1.94146 51 173 120 1.44167 0.496586
 1.95896 51 174 120 1.45 0.497494
 1.97662 51 175 120 1.45833 0.498261
 1.99444 51 176 120 1.46667 0.498888
 2.01244 51 177 120 1.475 0.499375
 2.03061 51 178 120 1.48333 0.499722
 2.04895 51 179 120 1.49167 0.499931
 2.02772 52 180 120 1.5 0.5
 2.04608 52 181 120 1.50833 0.499931
 2.06463 52 182 120 1.51667 0.499722
 2.08337 52 183 120 1.525 0.499375
 2.06264 53 184 120 1.53333 0.498888
 2.08143 53 185 120 1.54167 0.498261
 2.10043 53 186 120 1.55 0.497494
 2.08038 54 187 120 1.55833 0.496586
 2.09945 54 188 120 1.56667 0.495536
 2.08022 55 189 120 1.575 0.494343
 2.09939 55 190 120 1.58333 0.493007
 2.08096 56 191 120 1.59167 0.491525
 2.10025 56 192 120 1.6 0.489898
 2.0826 57 193 120 1.60833 0.488123
 2.10205 57 194 120 1.61667 0.486198
 2.08517 58 195 120 1.625 0.484123
 2.10479 58 196 120 1.63333 0.481894
 2.12469 58 197 120 1.64167 0.479511
 2.10852 59 198 120 1.65 0.47697
 2.12864 59 199 120 1.65833 0.474268
 2.11325 60 200 120 1.66667 0.471405
 2.13364 60 201 120 1.675 0.468375
 2.11903 61 202 120 1.68333 0.465176
 2.13973 61 203 120 1.69167 0.461805
 2.12591 62 204 120 1.7 0.458258
 2.14696 62 205 120 1.70833 0.45453
 2.13396 63 206 120 1.71667 0.450617
 2.12173 64 207 120 1.725 0.446514
 2.11026 65 208 120 1.73333 0.442217
 2.09954 66 209 120 1.74167 0.437718
 2.08955 67 210 120 1.75 0.433013
 2.08028 68 211 120 1.75833 0.428093
 2.07173 69 212 120 1.76667 0.422953
 2.06388 70 213 120 1.775 0.417582
 2.05673 71 214 120 1.78333 0.411974
 2.07916 71 215 120 1.79167 0.406116
 2.07295 72 216 120 1.8 0.4
 2.06747 73 217 120 1.80833 0.393612
 2.06274 74 218 120 1.81667 0.38694
 2.05876 75 219 120 1.825 0.379967
 2.05556 76 220 120 1.83333 0.372678
 2.05316 77 221 120 1.84167 0.365053
 2.05158 78 222 120 1.85 0.357071
 2.05087 79 223 120 1.85833 0.348708
 2.05106 80 224 120 1.86667 0.339935
 2.05221 81 225 120 1.875 0.330719
 2.05439 82 226 120 1.88333 0.321023
 2.05768 83 227 120 1.89167 0.310801
 2.06217 84 228 120 1.9 0.3
 2.068 85 229 120 1.90833 0.288555
 2.07532 86 230 120 1.91667 0.276385
 2.08435 87 231 120 1.925 0.263391
 2.09535 88 232 120 1.93333 0.249444
 2.10868 89 233 120 1.94167 0.234373
 2.12487 90 234 120 1.95 0.217945
 2.14464 91 235 120 1.95833 0.199826
 2.16918 92 236 120 1.96667 0.179505
 2.20046 93 237 120 1.975 0.156125
 2.24242 94 238 120 1.98333 0.128019
 2.30534 95 239 120 1.99167 0.0909059
 2.5 96 240 120 2 0
 1.25783 96 241 120 2.00833 0.0909059
 1.26571 96 242 120 2.01667 0.128019
 1.27364 96 243 120 2.025 0.156125
 1.2816 96 244 120 2.03333 0.179505
 1.28962 96 245 120 2.04167 0.199826
 1.29768 96 246 120 2.05 0.217945
 1.30579 96 247 120 2.05833 0.234373
 1.31394 96 248 120 2.06667 0.249444
 1.32215 96 249 120 2.075 0.263391
 1.3304 96 250 120 2.08333 0.276385
 1.33871 96 251 120 2.09167 0.288555
 1.34706 96 252 120 2.1 0.3
 1.35547 96 253 120 2.10833 0.310801
 1.36393 96 254 120 2.11667 0.321023
 1.37245 96 255 120 2.125 0.330719
 1.38101 96 256 120 2.13333 0.339935
 1.38964 96 257 120 2.14167 0.348708
 1.39832 96 258 120 2.15 0.357071
 1.40705 96 259 120 2.15833 0.365053
 1.41585 96 260 120 2.16667 0.372678
 1.4247 96 261 120 2.175 0.379967
 1.43361 96 262 120 2.18333 0.38694
 1.44259 96 263 120 2.19167 0.393612
 1.45163 96 264 120 2.2 0.4
 1.46073 96 265 120 2.20833 0.406116
 1.46989 96 266 120 2.21667 0.411974
 1.47912 96 267 120 2.225 0.417582
 1.48842 96 268 120 2.23333 0.422953
 1.49778 96 269 120 2.24167 0.428093
 1.50721 96 270 120 2.25 0.433013
 1.51672 96 271 120 2.25833 0.437718
 1.52629 96 272 120 2.26667 0.442217
 1.53594 96 273 120 2.275 0.446514
 1.54567 96 274 120 2.28333 0.450617
 1.55546 96 275 120 2.29167 0.45453
 1.56534 96 276 120 2.3 0.458258
 1.5753 96 277 120 2.30833 0.461805
 1.58533 96 278 120 2.31667 0.465176
 1.59545 96 279 120 2.325 0.468375
 1.60565 96 280 120 2.33333 0.471405
 1.61594 96 281 120 2.34167 0.474268
 1.62632 96 282 120 2.35 0.47697
 1.63678 96 283 120 2.35833 0.479511
 1.64734 96 284 120 2.36667 0.481894
 1.65799 96 285 120 2.375 0.484123
 1.66874 96 286 120 2.38333 0.486198
 1.67958 96 287 120 2.39167 0.488123
 1.69052 96 288 120 2.4 0.489898
 1.70157 96 289 120 2.40833 0.491525
 1.71272 96 290 120 2.41667 0.493007
 1.72398 96 291 120 2.425 0.494343
 1.73535 96 292 120 2.43333 0.495536
 1.74683 96 293 120 2.44167 0.496586
 1.75842 96 294 120 2.45 0.497494
 1.77013 96 295 120 2.45833 0.498261
 1.78197 96 296 120 2.46667 0.498888
 1.79393 96 297 120 2.475 0.499375
 1.80601 96 298 120 2.48333 0.499722
 1.81823 96 299 120 2.49167 0.499931
 1.83058 96 300 120 2.5 0.5
 1.84307 96 301 120 2.50833 0.499931
 1.85571 96 302 120 2.51667 0.499722
 1.86849 96 303 120 2.525 0.499375
 1.86202 97 304 120 2.53333 0.498888
 1.87497 97 305 120 2.54167 0.498261
 1.88808 97 306 120 2.55 0.497494
 1.88195 98 307 120 2.55833 0.496586
 1.89525 98 308 120 2.56667 0.495536
 1.90872 98 309 120 2.575 0.494343
 1.92238 98 310 120 2.58333 0.493007
 1.91665 99 311 120 2.59167 0.491525
 1.93054 99 312 120 2.6 0.489898
 1.92517 100 313 120 2.60833 0.488123
 1.9393 100 314 120 2.61667 0.486198
 1.9343 101 315 120 2.625 0.484123
 1.94871 101 316 120 2.63333 0.481894
 1.94409 102 317 120 2.64167 0.479511
 1.9588 102 318 120 2.65 0.47697
 1.95459 103 319 120 2.65833 0.474268
 1.95069 104 320 120 2.66667 0.471405
 1.96584 104 321 120 2.675 0.468375
 1.96238 105 322 120 2.68333 0.465176
 1.9779 105 323 120 2.69167 0.461805
 1.9749 106 324 120 2.7 0.458258
 1.99085 106 325 120 2.70833 0.45453
 1.98835 107 326 120 2.71667 0.450617
 1.9862 108 327 120 2.725 0.446514
 1.98442 109 328 120 2.73333 0.442217
 1.98301 110 329 120 2.74167 0.437718
 1.98198 111 330 120 2.75 0.433013
 1.98134 112 331 120 2.75833 0.428093
 1.98109 113 332 120 2.76667 0.422953
 1.98126 114 333 120 2.775 0.417582
 1.98185 115 334 120 2.78333 0.411974
 1.98288 116 335 120 2.79167 0.406116
 1.98436 117 336 120 2.8 0.4
 1.98632 118 337 120 2.80833 0.393612
 1.98879 119 338 120 2.81667 0.38694
 1.99178 120 339 120 2.825 0.379967
 1.99533 121 340 120 2.83333 0.372678
 1.99947 122 341 120 2.84167 0.365053
 2.00425 123 342 120 2.85 0.357071
 2.0097 124 343 120 2.85833 0.348708
 2.0159 125 344 120 2.86667 0.339935
 2.02289 126 345 120 2.875 0.330719
 2.03077 127 346 120 2.88333 0.321023
 2.03962 128 347 120 2.89167 0.310801
 2.04955 129 348 120 2.9 0.3
 2.06071 130 349 120 2.90833 0.288555
 2.07326 131 350 120 2.91667 0.276385
 2.08743 132 351 120 2.925 0.263391
 2.1035 133 352 120 2.93333 0.249444
 2.12185 134 353 120 2.94167 0.234373
 2.14303 135 354 120 2.95 0.217945
 2.16779 136 355 120 2.95833 0.199826
 2.19736 137 356 120 2.96667 0.179505
 2.23377 138 357 120 2.975 0.156125
 2.28106 139 358 120 2.98333 0.128019
 2.34978 140 359 120 2.99167 0.0909059
 2.55319 141 360 120 3 0
 1.28282 141 361 120 3.00833 0.0909059
 1.28908 141 362 120 3.01667 0.128019
 1.29538 141 363 120 3.025 0.156125
 1.30172 141 364 120 3.03333 0.179505
 1.3081 141 365 120 3.04167 0.199826
 1.31451 141 366 120 3.05 0.217945
 1.32097 141 367 120 3.05833 0.234373
 1.32747 141 368 120 3.06667 0.249444
 1.33401 141 369 120 3.075 0.263391
 1.34059 141 370 120 3.08333 0.276385
 1.34722 141 371 120 3.09167 0.288555
 1.35389 141 372 120 3.1 0.3
 1.3606 141 373 120 3.10833 0.310801
 1.36736 141 374 120 3.11667 0.321023
 1.37416 141 375 120 3.125 0.330719
 1.38101 141 376 120 3.13333 0.339935
 1.38791 141 377 120 3.14167 0.348708
 1.39486 141 378 120 3.15 0.357071
 1.40185 141 379 120 3.15833 0.365053
 1.4089 141 380 120 3.16667 0.372678
 1.41599 141 381 120 3.175 0.379967
 1.42314 141 382 120 3.18333 0.38694
 1.43034 141 383 120 3.19167 0.393612
 1.43759 141 384 120 3.2 0.4
 1.44489 141 385 120 3.20833 0.406116
 1.45225 141 386 120 3.21667 0.411974
 1.45967 141 387 120 3.225 0.417582
 1.46715 141 388 120 3.23333 0.422953
 1.47468 141 389 120 3.24167 0.428093
 1.48227 141 390 120 3.25 0.433013
 1.48993 141 391 120 3.25833 0.437718
 1.49764 141 392 120 3.26667 0.442217
 1.50542 141 393 120 3.275 0.446514
 1.51326 141 394 120 3.28333 0.450617
 1.52117 141 395 120 3.29167 0.45453
 1.52914 141 396 120 3.3 0.458258
 1.53718 141 397 120 3.30833 0.461805
 1.54529 141 398 120 3.31667 0.465176
 1.55348 141 399 120 3.325 0.468375
 1.56173 141 400 120 3.33333 0.471405
 1.57006 141 401 120 3.34167 0.474268
 1.57846 141 402 120 3.35 0.47697
 1.58695 141 403 120 3.35833 0.479511
 1.59551 141 404 120 3.36667 0.481894
 1.60415 141 405 120 3.375 0.484123
 1.61287 141 406 120 3.38333 0.486198
 1.62168 141 407 120 3.39167 0.488123
 1.63058 141 408 120 3.4 0.489898
 1.63956 141 409 120 3.40833 0.491525
 1.64864 141 410 120 3.41667 0.493007
 1.6578 141 411 120 3.425 0.494343
 1.66706 141 412 120 3.43333 0.495536
 1.67642 141 413 120 3.44167 0.496586
 1.68588 141 414 120 3.45 0.497494
 1.69545 141 415 120 3.45833 0.498261
 1.70511 141 416 120 3.46667 0.498888
 1.71489 141 417 120 3.475 0.499375
 1.72478 141 418 120 3.48333 0.499722
 1.73478 141 419 120 3.49167 0.499931
 1.7449 141 420 120 3.5 0.5
 1.75513 141 421 120 3.50833 0.499931
 1.7655 141 422 120 3.51667 0.499722
 1.77599 141 423 120 3.525 0.499375
 1.78661 141 424 120 3.53333 0.498888
 1.79736 141 425 120 3.54167 0.498261
 1.80826 141 426 120 3.55 0.497494
 1.8193 141 427 120 3.55833 0.496586
 1.8176 142 428 120 3.56667 0.495536
 1.82886 142 429 120 3.575 0.494343
 1.84028 142 430 120 3.58333 0.493007
 1.83891 143 431 120 3.59167 0.491525
 1.85057 143 432 120 3.6 0.489898
 1.86241 143 433 120 3.60833 0.488123
 1.86141 144 434 120 3.61667 0.486198
 1.87353 144 435 120 3.625 0.484123
 1.87284 145 436 120 3.63333 0.481894
 1.87235 146 437 120 3.64167 0.479511
 1.87206 147 438 120 3.65 0.47697
 1.87199 148 439 120 3.65833 0.474268
 1.88479 148 440 120 3.66667 0.471405
 1.88507 149 441 120 3.675 0.468375
 1.89824 149 442 120 3.68333 0.465176
 1.89891 150 443 120 3.69167 0.461805
 1.91249 150 444 120 3.7 0.458258
 1.91357 151 445 120 3.70833 0.45453
 1.91492 152 446 120 3.71667 0.450617
 1.91653 153 447 120 3.725 0.446514
 1.91842 154 448 120 3.73333 0.442217
 1.9206 155 449 120 3.74167 0.437718
 1.92308 156 450 120 3.75 0.433013
 1.92586 157 451 120 3.75833 0.428093
 1.92898 158 452 120 3.76667 0.422953
 1.93243 159 453 120 3.775 0.417582
 1.93623 160 454 120 3.78333 0.411974
 1.94041 161 455 120 3.79167 0.406116
 1.94499 162 456 120 3.8 0.4
 1.94998 163 457 120 3.80833 0.393612
 1.95542 164 458 120 3.81667 0.38694
 1.96133 165 459 120 3.825 0.379967
 1.96775 166 460 120 3.83333 0.372678
 1.97472 167 461 120 3.84167 0.365053
 1.98227 168 462 120 3.85 0.357071
 1.99046 169 463 120 3.85833 0.348708
 1.99935 170 464 120 3.86667 0.339935
 2.00901 171 465 120 3.875 0.330719
 2.01951 172 466 120 3.88333 0.321023
 2.03095 173 467 120 3.89167 0.310801
 2.04346 174 468 120 3.9 0.3
 2.05716 175 469 120 3.90833 0.288555
 2.07225 176 470 120 3.91667 0.276385
 2.08894 177 471 120 3.925 0.263391
 2.10752 178 472 120 3.93333 0.249444
 2.1284 179 473 120 3.94167 0.234373
 2.15211 180 474 120 3.95 0.217945
 2.17943 181 475 120 3.95833 0.199826
 2.2116 182 476 120 3.96667 0.179505
 2.25069 183 477 120 3.975 0.156125
 2.30079 184 478 120 3.98333 0.128019
 2.3726 185 479 120 3.99167 0.0909059
 2.58065 186 480 120 4 0
 1.29572 186 481 120 4.00833 0.0909059
 1.30114 186 482 120 4.01667 0.128019
 1.30661 186 483 120 4.025 0.156125
 1.3121 186 484 120 4.03333 0.179505
 1.31763 186 485 120 4.04167 0.199826
 1.3232 186 486 120 4.05 0.217945
 1.32881 186 487 120 4.05833 0.234373
 1.33445 186 488 120 4.06667 0.249444
 1.34013 186 489 120 4.075 0.263391
 1.34585 186 490 120 4.08333 0.276385
 1.35161 186 491 120 4.09167 0.288555
 1.35741 186 492 120 4.1 0.3
 1.36325 186 493 120 4.10833 0.310801
 1.36913 186 494 120 4.11667 0.321023
 1.37505 186 495 120 4.125 0.330719
 1.38101 186 496 120 4.13333 0.339935
 1.38702 186 497 120 4.14167 0.348708
 1.39307 186 498 120 4.15 0.357071
 1.39917 186 499 120 4.15833 0.365053
 1.40531 186 500 120 4.16667 0.372678
 1.41149 186 501 120 4.175 0.379967
 1.41773 186 502 120 4.18333 0.38694
 1.42401 186 503 120 4.19167 0.393612
 1.43034 186 504 120 4.2 0.4
 1.43672 186 505 120 4.20833 0.406116
 1.44315 186 506 120 4.21667 0.411974
 1.44963 186 507 120 4.225 0.417582
 1.45617 186 508 120 4.23333 0.422953
 1.46276 186 509 120 4.24167 0.428093
 1.4694 186 510 120 4.25 0.433013
 1.4761 186 511 120 4.25833 0.437718
 1.48285 186 512 120 4.26667 0.442217
 1.48966 186 513 120 4.275 0.446514
 1.49653 186 514 120 4.28333 0.450617
 1.50346 186 515 120 4.29167 0.45453
 1.51046 186 516 120 4.3 0.458258
 1.51751 186 517 120 4.30833 0.461805
 1.52463 186 518 120 4.31667 0.465176
 1.53181 186 519 120 4.325 0.468375
 1.53906 186 520 120 4.33333 0.471405
 1.54638 186 521 120 4.34167 0.474268
 1.55377 186 522 120 4.35 0.47697
 1.56122 186 523 120 4.35833 0.479511
 1.56875 186 524 120 4.36667 0.481894
 1.57636 186 525 120 4.375 0.484123
 1.58404 186 526 120 4.38333 0.486198
 1.5918 186 527 120 4.39167 0.488123
 1.59964 186 528 120 4.4 0.489898
 1.60756 186 529 120 4.40833 0.491525
 1.61556 186 530 120 4.41667 0.493007
 1.62365 186 531 120 4.425 0.494343
 1.63182 186 532 120 4.43333 0.495536
 1.64009 186 533 120 4.44167 0.496586
 1.64845 186 534 120 4.45 0.497494
 1.6569 186 535 120 4.45833 0.498261
 1.66545 186 536 120 4.46667 0.498888
 1.6741 186 537 120 4.475 0.499375
 1.68285 186 538 120 4.48333 0.499722
 1.69171 186 539 120 4.49167 0.499931
 1.70067 186 540 120 4.5 0.5
 1.70975 186 541 120 4.50833 0.499931
 1.71894 186 542 120 4.51667 0.499722
 1.72824 186 543 120 4.525 0.499375
 1.73767 186 544 120 4.53333 0.498888
 1.74723 186 545 120 4.54167 0.498261
 1.75691 186 546 120 4.55 0.497494
 1.76673 186 547 120 4.55833 0.496586
 1.77668 186 548 120 4.56667 0.495536
 1.77722 187 549 120 4.575 0.494343
 1.78741 187 550 120 4.58333 0.493007
 1.79775 187 551 120 4.59167 0.491525
 1.79862 188 552 120 4.6 0.489898
 1.80922 188 553 120 4.60833 0.488123
 1.81998 188 554 120 4.61667 0.486198
 1.83092 188 555 120 4.625 0.484123
 1.83229 189 556 120 4.63333 0.481894
 1.83383 190 557 120 4.64167 0.479511
 1.83554 191 558 120 4.65 0.47697
 1.84706 191 559 120 4.65833 0.474268
 1.84909 192 560 120 4.66667 0.471405
 1.86096 192 561 120 4.675 0.468375
 1.86335 193 562 120 4.68333 0.465176
 1.87561 193 563 120 4.69167 0.461805
 1.87838 194 564 120 4.7 0.458258
 1.88138 195 565 120 4.70833 0.45453
 1.8846 196 566 120 4.71667 0.450617
 1.88806 197 567 120 4.725 0.446514
 1.89178 198 568 120 4.73333 0.442217
 1.89575 199 569 120 4.74167 0.437718
 1.9 200 570 120 4.75 0.433013
 1.90453 201 571 120 4.75833 0.428093
 1.90937 202 572 120 4.76667 0.422953
 1.91452 203 573 120 4.775 0.417582
 1.92001 204 574 120 4.78333 0.411974
 1.92585 205 575 120 4.79167 0.406116
 1.93207 206 576 120 4.8 0.4
 1.93869 207 577 120 4.80833 0.393612
 1.94573 208 578 120 4.81667 0.38694
 1.95324 209 579 120 4.825 0.379967
 1.96123 210 580 120 4.83333 0.372678
 1.96976 211 581 120 4.84167 0.365053
 1.97887 212 582 120 4.85 0.357071
 1.98861 213 583 120 4.85833 0.348708
 1.99903 214 584 120 4.86667 0.339935
 2.01021 215 585 120 4.875 0.330719
 2.02224 216 586 120 4.88333 0.321023
 2.0352 217 587 120 4.89167 0.310801
 2.04923 218 588 120 4.9 0.3
 2.06445 219 589 120 4.90833 0.288555
 2.08107 220 590 120 4.91667 0.276385
 2.09929 221 591 120 4.925 0.263391
 2.11943 222 592 120 4.93333 0.249444
 2.14188 223 593 120 4.94167 0.234373
 2.16719 224 594 120 4.95 0.217945
 2.19616 225 595 120 4.95833 0.199826
 2.23002 226 596 120 4.96667 0.179505
 2.2709 227 597 120 4.975 0.156125
 2.32292 228 598 120 4.98333 0.128019
 2.39691 229 599 120 4.99167 0.0909059
 2.6087 230 600 120 5 0
 1.30926 230 601 120 5.00833 0.0909059
 1.31419 230 602 120 5.01667 0.128019
 1.31917 230 603 120 5.025 0.156125
 1.32417 230 604 120 5.03333 0.179505
 1.32921 230 605 120 5.04167 0.199826
 1.33428 230 606 120 5.05 0.217945
 1.33939 230 607 120 5.05833 0.234373
 1.34453 230 608 120 5.06667 0.249444
 1.34971 230 609 120 5.075 0.263391
 1.35493 230 610 120 5.08333 0.276385
 1.36018 230 611 120 5.09167 0.288555
 1.36547 230 612 120 5.1 0.3
 1.3708 230 613 120 5.10833 0.310801
 1.37617 230 614 120 5.11667 0.321023
 1.38157 230 615 120 5.125 0.330719
 1.38702 230 616 120 5.13333 0.339935
 1.3925 230 617 120 5.14167 0.348708
 1.39803 230 618 120 5.15 0.357071
 1.4036 230 619 120 5.15833 0.365053
 1.40922 230 620 120 5.16667 0.372678
 1.41488 230 621 120 5.175 0.379967
 1.42058 230 622 120 5.18333 0.38694
 1.42632 230 623 120 5.19167 0.393612
 1.43212 230 624 120 5.2 0.4
 1.43796 230 625 120 5.20833 0.406116
 1.44385 230 626 120 5.21667 0.411974
 1.44978 230 627 120 5.225 0.417582
 1.45577 230 628 120 5.23333 0.422953
 1.46181 230 629 120 5.24167 0.428093
 1.4679 230 630 120 5.25 0.433013
 1.47404 230 631 120 5.25833 0.437718
 1.48023 230 632 120 5.26667 0.442217
 1.48648 230 633 120 5.275 0.446514
 1.49279 230 634 120 5.28333 0.450617
 1.49915 230 635 120 5.29167 0.45453
 1.50557 230 636 120 5.3 0.458258
 1.51205 230 637 120 5.30833 0.461805
 1.51859 230 638 120 5.31667 0.465176
 1.52519 230 639 120 5.325 0.468375
 1.53185 230 640 120 5.33333 0.471405
 1.53858 230 641 120 5.34167 0.474268
 1.54538 230 642 120 5.35 0.47697
 1.55224 230 643 120 5.35833 0.479511
 1.55917 230 644 120 5.36667 0.481894
 1.56618 230 645 120 5.375 0.484123
 1.57325 230 646 120 5.38333 0.486198
 1.5804 230 647 120 5.39167 0.488123
 1.58762 230 648 120 5.4 0.489898
 1.59492 230 649 120 5.40833 0.491525
 1.60231 230 650 120 5.41667 0.493007
 1.60977 230 651 120 5.425 0.494343
 1.61731 230 652 120 5.43333 0.495536
 1.62494 230 653 120 5.44167 0.496586
 1.63266 230 654 120 5.45 0.497494
 1.64047 230 655 120 5.45833 0.498261
 1.64837 230 656 120 5.46667 0.498888
 1.65637 230 657 120 5.475 0.499375
 1.66446 230 658 120 5.48333 0.499722
 1.67266 230 659 120 5.49167 0.499931
 1.68095 230 660 120 5.5 0.5
 1.68936 230 661 120 5.50833 0.499931
 1.69787 230 662 120 5.51667 0.499722
 1.70649 230 663 120 5.525 0.499375
 1.71523 230 664 120 5.53333 0.498888
 1.72409 230 665 120 5.54167 0.498261
 1.73307 230 666 120 5.55 0.497494
 1.74218 230 667 120 5.55833 0.496586
 1.75142 230 668 120 5.56667 0.495536
 1.7608 230 669 120 5.575 0.494343
 1.77031 230 670 120 5.58333 0.493007
 1.77227 231 671 120 5.59167 0.491525
 1.78203 231 672 120 5.6 0.489898
 1.79196 231 673 120 5.60833 0.488123
 1.79427 232 674 120 5.61667 0.486198
 1.80447 232 675 120 5.625 0.484123
 1.81485 232 676 120 5.63333 0.481894
 1.81757 233 677 120 5.64167 0.479511
 1.82045 234 678 120 5.65 0.47697
 1.82349 235 679 120 5.65833 0.474268
 1.82671 236 680 120 5.66667 0.471405
 1.83785 236 681 120 5.675 0.468375
 1.84142 237 682 120 5.68333 0.465176
 1.85295 237 683 120 5.69167 0.461805
 1.85689 238 684 120 5.7 0.458258
 1.86104 239 685 120 5.70833 0.45453
 1.8654 240 686 120 5.71667 0.450617
 1.86999 241 687 120 5.725 0.446514
 1.87482 242 688 120 5.73333 0.442217
 1.8799 243 689 120 5.74167 0.437718
 1.88525 244 690 120 5.75 0.433013
 1.89087 245 691 120 5.75833 0.428093
 1.89678 246 692 120 5.76667 0.422953
 1.903 247 693 120 5.775 0.417582
 1.90954 248 694 120 5.78333 0.411974
 1.91644 249 695 120 5.79167 0.406116
 1.9237 250 696 120 5.8 0.4
 1.93135 251 697 120 5.80833 0.393612
 1.93943 252 698 120 5.81667 0.38694
 1.94796 253 699 120 5.825 0.379967
 1.95697 254 700 120 5.83333 0.372678
 1.96652 255 701 120 5.84167 0.365053
 1.97664 256 702 120 5.85 0.357071
 1.98738 257 703 120 5.85833 0.348708
 1.99882 258 704 120 5.86667 0.339935
 2.01101 259 705 120 5.875 0.330719
 2.02404 260 706 120 5.88333 0.321023
 2.03802 261 707 120 5.89167 0.310801
 2.05306 262 708 120 5.9 0.3
 2.0693 263 709 120 5.90833 0.288555
 2.08694 264 710 120 5.91667 0.276385
 2.10621 265 711 120 5.925 0.263391
 2.1274 266 712 120 5.93333 0.249444
 2.15092 267 713 120 5.94167 0.234373
 2.17732 268 714 120 5.95 0.217945
 2.20741 269 715 120 5.95833 0.199826
 2.24244 270 716 120 5.96667 0.179505
 2.28454 271 717 120 5.975 0.156125
 2.33789 272 718 120 5.98333 0.128019
 2.41339 273 719 120 5.99167 0.0909059
 2.62774 274 720 120 6 0
 1.31845 274 721 120 6.00833 0.0909059
 1.32305 274 722 120 6.01667 0.128019
 1.32769 274 723 120 6.025 0.156125
 1.33237 274 724 120 6.03333 0.179505
 1.33707 274 725 120 6.04167 0.199826
 1.34181 274 726 120 6.05 0.217945
 1.34657 274 727 120 6.05833 0.234373
 1.35138 274 728 120 6.06667 0.249444
 1.35622 274 729 120 6.075 0.263391
 1.36109 274 730 120 6.08333 0.276385
 1.366 274 731 120 6.09167 0.288555
 1.37094 274 732 120 6.1 0.3
 1.37592 274 733 120 6.10833 0.310801
 1.38094 274 734 120 6.11667 0.321023
 1.386 274 735 120 6.125 0.330719
 1.39109 274 736 120 6.13333 0.339935
 1.39623 274 737 120 6.14167 0.348708
 1.4014 274 738 120 6.15 0.357071
 1.40662 274 739 120 6.15833 0.365053
 1.41187 274 740 120 6.16667 0.372678
 1.41717 274 741 120 6.175 0.379967
 1.42251 274 742 120 6.18333 0.38694
 1.4279 274 743 120 6.19167 0.393612
 1.43332 274 744 120 6.2 0.4
 1.4388 274 745 120 6.20833 0.406116
 1.44432 274 746 120 6.21667 0.411974
 1.44988 274 747 120 6.225 0.417582
 1.4555 274 748 120 6.23333 0.422953
 1.46116 274 749 120 6.24167 0.428093
 1.46688 274 750 120 6.25 0.433013
 1.47264 274 751 120 6.25833 0.437718
 1.47845 274 752 120 6.26667 0.442217
 1.48432 274 753 120 6.275 0.446514
 1.49024 274 754 120 6.28333 0.450617
 1.49622 274 755 120 6.29167 0.45453
 1.50225 274 756 120 6.3 0.458258
 1.50834 274 757 120 6.30833 0.461805
 1.51449 274 758 120 6.31667 0.465176
 1.52069 274 759 120 6.325 0.468375
 1.52696 274 760 120 6.33333 0.471405
 1.53329 274 761 120 6.34167 0.474268
 1.53969 274 762 120 6.35 0.47697
 1.54615 274 763 120 6.35833 0.479511
 1.55267 274 764 120 6.36667 0.481894
 1.55926 274 765 120 6.375 0.484123
 1.56593 274 766 120 6.38333 0.486198
 1.57266 274 767 120 6.39167 0.488123
 1.57947 274 768 120 6.4 0.489898
 1.58635 274 769 120 6.40833 0.491525
 1.59331 274 770 120 6.41667 0.493007
 1.60035 274 771 120 6.425 0.494343
 1.60746 274 772 120 6.43333 0.495536
 1.61466 274 773 120 6.44167 0.496586
 1.62195 274 774 120 6.45 0.497494
 1.62932 274 775 120 6.45833 0.498261
 1.63678 274 776 120 6.46667 0.498888
 1.64433 274 777 120 6.475 0.499375
 1.65198 274 778 120 6.48333 0.499722
 1.65972 274 779 120 6.49167 0.499931
 1.66757 274 780 120 6.5 0.5
 1.67551 274 781 120 6.50833 0.499931
 1.68356 274 782 120 6.51667 0.499722
 1.69172 274 783 120 6.525 0.499375
 1.7 274 784 120 6.53333 0.498888
 1.70838 274 785 120 6.54167 0.498261
 1.71689 274 786 120 6.55 0.497494
 1.72552 274 787 120 6.55833 0.496586
 1.73427 274 788 120 6.56667 0.495536
 1.74316 274 789 120 6.575 0.494343
 1.74581 275 790 120 6.58333 0.493007
 1.75494 275 791 120 6.59167 0.491525
 1.76421 275 792 120 6.6 0.489898
 1.76721 276 793 120 6.60833 0.488123
 1.77675 276 794 120 6.61667 0.486198
 1.78646 276 795 120 6.625 0.484123
 1.79633 276 796 120 6.63333 0.481894
 1.79985 277 797 120 6.64167 0.479511
 1.80352 278 798 120 6.65 0.47697
 1.80736 279 799 120 6.65833 0.474268
 1.81136 280 800 120 6.66667 0.471405
 1.82201 280 801 120 6.675 0.468375
 1.82635 281 802 120 6.68333 0.465176
 1.83739 281 803 120 6.69167 0.461805
 1.8421 282 804 120 6.7 0.458258
 1.84702 283 805 120 6.70833 0.45453
 1.85215 284 806 120 6.71667 0.450617
 1.8575 285 807 120 6.725 0.446514
 1.86308 286 808 120 6.73333 0.442217
 1.86891 287 809 120 6.74167 0.437718
 1.875 288 810 120 6.75 0.433013
 1.88136 289 811 120 6.75833 0.428093
 1.88801 290 812 120 6.76667 0.422953
 1.89496 291 813 120 6.775 0.417582
 1.90223 292 814 120 6.78333 0.411974
 1.90985 293 815 120 6.79167 0.406116
 1.91783 294 816 120 6.8 0.4
 1.9262 295 817 120 6.80833 0.393612
 1.935 296 818 120 6.81667 0.38694
 1.94424 297 819 120 6.825 0.379967
 1.95397 298 820 120 6.83333 0.372678
 1.96423 299 821 120 6.84167 0.365053
 1.97506 300 822 120 6.85 0.357071
 1.98652 301 823 120 6.85833 0.348708
 1.99867 302 824 120 6.86667 0.339935
 2.01157 303 825 120 6.875 0.330719
 2.02533 304 826 120 6.88333 0.321023
 2.04002 305 827 120 6.89167 0.310801
 2.05579 306 828 120 6.9 0.3
 2.07276 307 829 120 6.90833 0.288555
 2.09114 308 830 120 6.91667 0.276385
 2.11116 309 831 120 6.925 0.263391
 2.13311 310 832 120 6.93333 0.249444
 2.1574 311 833 120 6.94167 0.234373
 2.18459 312 834 120 6.95 0.217945
 2.2155 313 835 120 6.95833 0.199826
 2.25138 314 836 120 6.96667 0.179505
 2.29437 315 837 120 6.975 0.156125
 2.34868 316 838 120 6.98333 0.128019
 2.42529 317 839 120 6.99167 0.0909059
 2.64151 318 840 120 7 0
 1.32509 318 841 120 7.00833 0.0909059
 1.32946 318 842 120 7.01667 0.128019
 1.33386 318 843 120 7.025 0.156125
 1.33829 318 844 120 7.03333 0.179505
 1.34275 318 845 120 7.04167 0.199826
 1.34725 318 846 120 7.05 0.217945
 1.35177 318 847 120 7.05833 0.234373
 1.35633 318 848 120 7.06667 0.249444
 1.36092 318 849 120 7.075 0.263391
 1.36555 318 850 120 7.08333 0.276385
 1.37021 318 851 120 7.09167 0.288555
 1.3749 318 852 120 7.1 0.3
 1.37963 318 853 120 7.10833 0.310801
 1.3844 318 854 120 7.11667 0.321023
 1.3892 318 855 120 7.125 0.330719
 1.39404 318 856 120 7.13333 0.339935
 1.39892 318 857 120 7.14167 0.348708
 1.40384 318 858 120 7.15 0.357071
 1.4088 318 859 120 7.15833 0.365053
 1.41379 318 860 120 7.16667 0.372678
 1.41883 318 861 120 7.175 0.379967
 1.42391 318 862 120 7.18333 0.38694
 1.42903 318 863 120 7.19167 0.393612
 1.4342 318 864 120 7.2 0.4
 1.43941 318 865 120 7.20833 0.406116
 1.44466 318 866 120 7.21667 0.411974
 1.44996 318 867 120 7.225 0.417582
 1.4553 318 868 120 7.23333 0.422953
 1.4607 318 869 120 7.24167 0.428093
 1.46614 318 870 120 7.25 0.433013
 1.47163 318 871 120 7.25833 0.437718
 1.47717 318 872 120 7.26667 0.442217
 1.48276 318 873 120 7.275 0.446514
 1.4884 318 874 120 7.28333 0.450617
 1.4941 318 875 120 7.29167 0.45453
 1.49985 318 876 120 7.3 0.458258
 1.50566 318 877 120 7.30833 0.461805
 1.51152 318 878 120 7.31667 0.465176
 1.51744 318 879 120 7.325 0.468375
 1.52342 318 880 120 7.33333 0.471405
 1.52947 318 881 120 7.34167 0.474268
 1.53557 318 882 120 7.35 0.47697
 1.54174 318 883 120 7.35833 0.479511
 1.54797 318 884 120 7.36667 0.481894
 1.55426 318 885 120 7.375 0.484123
 1.56063 318 886 120 7.38333 0.486198
 1.56706 318 887 120 7.39167 0.488123
 1.57357 318 888 120 7.4 0.489898
 1.58015 318 889 120 7.40833 0.491525
 1.5868 318 890 120 7.41667 0.493007
 1.59353 318 891 120 7.425 0.494343
 1.60034 318 892 120 7.43333 0.495536
 1.60723 318 893 120 7.44167 0.496586
 1.6142 318 894 120 7.45 0.497494
 1.62125 318 895 120 7.45833 0.498261
 1.6284 318 896 120 7.46667 0.498888
 1.63563 318 897 120 7.475 0.499375
 1.64295 318 898 120 7.48333 0.499722
 1.65037 318 899 120 7.49167 0.499931
 1.65789 318 900 120 7.5 0.5
 1.6655 318 901 120 7.50833 0.499931
 1.67322 318 902 120 7.51667 0.499722
 1.68104 318 903 120 7.525 0.499375
 1.68898 318 904 120 7.53333 0.498888
 1.69702 318 905 120 7.54167 0.498261
 1.70518 318 906 120 7.55 0.497494
 1.71347 318 907 120 7.55833 0.496586
 1.72187 318 908 120 7.56667 0.495536
 1.7304 318 909 120 7.575 0.494343
 1.73907 318 910 120 7.58333 0.493007
 1.74239 319 911 120 7.59167 0.491525
 1.75131 319 912 120 7.6 0.489898
 1.76037 319 913 120 7.60833 0.488123
 1.76405 320 914 120 7.61667 0.486198
 1.7734 320 915 120 7.625 0.484123
 1.7829 320 916 120 7.63333 0.481894
 1.78699 321 917 120 7.64167 0.479511
 1.79123 322 918 120 7.65 0.47697
 1.79562 323 919 120 7.65833 0.474268
 1.80017 324 920 120 7.66667 0.471405
 1.81047 324 921 120 7.675 0.468375
 1.81536 325 922 120 7.68333 0.465176
 1.82604 325 923 120 7.69167 0.461805
 1.83131 326 924 120 7.7 0.458258
 1.83677 327 925 120 7.70833 0.45453
 1.84245 328 926 120 7.71667 0.450617
 1.84835 329 927 120 7.725 0.446514
 1.85447 330 928 120 7.73333 0.442217
 1.86084 331 929 120 7.74167 0.437718
 1.86747 332 930 120 7.75 0.433013
 1.87437 333 931 120 7.75833 0.428093
 1.88155 334 932 120 7.76667 0.422953
 1.88903 335 933 120 7.775 0.417582
 1.89683 336 934 120 7.78333 0.411974
 1.90498 337 935 120 7.79167 0.406116
 1.91349 338 936 120 7.8 0.4
 1.92239 339 937 120 7.80833 0.393612
 1.93171 340 938 120 7.81667 0.38694
 1.94148 341 939 120 7.825 0.379967
 1.95174 342 940 120 7.83333 0.372678
 1.96253 343 941 120 7.84167 0.365053
 1.97389 344 942 120 7.85 0.357071
 1.98588 345 943 120 7.85833 0.348708
 1.99855 346 944 120 7.86667 0.339935
 2.012 347 945 120 7.875 0.330719
 2.02628 348 946 120 7.88333 0.321023
 2.04152 349 947 120 7.89167 0.310801
 2.05783 350 948 120 7.9 0.3
 2.07536 351 949 120 7.90833 0.288555
 2.09429 352 950 120 7.91667 0.276385
 2.11487 353 951 120 7.925 0.263391
 2.13739 354 952 120 7.93333 0.249444
 2.16227 355 953 120 7.94167 0.234373
 2.19006 356 954 120 7.95 0.217945
 2.22159 357 955 120 7.95833 0.199826
 2.25812 358 956 120 7.96667 0.179505
 2.30179 359 957 120 7.975 0.156125
 2.35684 360 958 120 7.98333 0.128019
 2.43429 361 959 120 7.99167 0.0909059
 2.65193 362 960 120 8 0
 1.33012 362 961 120 8.00833 0.0909059
 1.33431 362 962 120 8.01667 0.128019
 1.33853 362 963 120 8.025 0.156125
 1.34278 362 964 120 8.03333 0.179505
 1.34705 362 965 120 8.04167 0.199826
 1.35136 362 966 120 8.05 0.217945
 1.3557 362 967 120 8.05833 0.234373
 1.36008 362 968 120 8.06667 0.249444
 1.36448 362 969 120 8.075 0.263391
 1.36892 362 970 120 8.08333 0.276385
 1.37339 362 971 120 8.09167 0.288555
 1.3779 362 972 120 8.1 0.3
 1.38244 362 973 120 8.10833 0.310801
 1.38701 362 974 120 8.11667 0.321023
 1.39162 362 975 120 8.125 0.330719
 1.39627 362 976 120 8.13333 0.339935
 1.40096 362 977 120 8.14167 0.348708
 1.40568 362 978 120 8.15 0.357071
 1.41044 362 979 120 8.15833 0.365053
 1.41525 362 980 120 8.16667 0.372678
 1.42009 362 981 120 8.175 0.379967
 1.42497 362 982 120 8.18333 0.38694
 1.42989 362 983 120 8.19167 0.393612
 1.43486 362 984 120 8.2 0.4
 1.43987 362 985 120 8.20833 0.406116
 1.44492 362 986 120 8.21667 0.411974
 1.45001 362 987 120 8.225 0.417582
 1.45516 362 988 120 8.23333 0.422953
 1.46034 362 989 120 8.24167 0.428093
 1.46558 362 990 120 8.25 0.433013
 1.47086 362 991 120 8.25833 0.437718
 1.47619 362 992 120 8.26667 0.442217
 1.48158 362 993 120 8.275 0.446514
 1.48701 362 994 120 8.28333 0.450617
 1.4925 362 995 120 8.29167 0.45453
 1.49804 362 996 120 8.3 0.458258
 1.50363 362 997 120 8.30833 0.461805
 1.50928 362 998 120 8.31667 0.465176
 1.51498 362 999 120 8.325 0.468375
 1.52075 362 1000 120 8.33333 0.471405
 1.52657 362 1001 120 8.34167 0.474268
 1.53245 362 1002 120 8.35 0.47697
 1.5384 362 1003 120 8.35833 0.479511
 1.54441 362 1004 120 8.36667 0.481894
 1.55048 362 1005 120 8.375 0.484123
 1.55662 362 1006 120 8.38333 0.486198
 1.56283 362 1007 120 8.39167 0.488123
 1.56911 362 1008 120 8.4 0.489898
 1.57545 362 1009 120 8.40833 0.491525
 1.58188 362 1010 120 8.41667 0.493007
 1.58837 362 1011 120 8.425 0.494343
 1.59495 362 1012 120 8.43333 0.495536
 1.6016 362 1013 120 8.44167 0.496586
 1.60833 362 1014 120 8.45 0.497494
 1.61515 362 1015 120 8.45833 0.498261
 1.62205 362 1016 120 8.46667 0.498888
 1.62904 362 1017 120 8.475 0.499375
 1.63612 362 1018 120 8.48333 0.499722
 1.64329 362 1019 120 8.49167 0.499931
 1.65056 362 1020 120 8.5 0.5
 1.65792 362 1021 120 8.50833 0.499931
 1.66539 362 1022 120 8.51667 0.499722
 1.67296 362 1023 120 8.525 0.499375
 1.68064 362 1024 120 8.53333 0.498888
 1.68842 362 1025 120 8.54167 0.498261
 1.69632 362 1026 120 8.55 0.497494
 1.70434 362 1027 120 8.55833 0.496586
 1.71248 362 1028 120 8.56667 0.495536
 1.72075 362 1029 120 8.575 0.494343
 1.72915 362 1030 120 8.58333 0.493007
 1.73289 363 1031 120 8.59167 0.491525
 1.74153 363 1032 120 8.6 0.489898
 1.75032 363 1033 120 8.60833 0.488123
 1.75443 364 1034 120 8.61667 0.486198
 1.76349 364 1035 120 8.625 0.484123
 1.77272 364 1036 120 8.63333 0.481894
 1.77723 365 1037 120 8.64167 0.479511
 1.78189 366 1038 120 8.65 0.47697
 1.7867 367 1039 120 8.65833 0.474268
 1.79167 368 1040 120 8.66667 0.471405
 1.80169 368 1041 120 8.675 0.468375
 1.807 369 1042 120 8.68333 0.465176
 1.8174 369 1043 120 8.69167 0.461805
 1.82308 370 1044 120 8.7 0.458258
 1.82896 371 1045 120 8.70833 0.45453
 1.83505 372 1046 120 8.71667 0.450617
 1.84136 373 1047 120 8.725 0.446514
 1.84789 374 1048 120 8.73333 0.442217
 1.85467 375 1049 120 8.74167 0.437718
 1.8617 376 1050 120 8.75 0.433013
 1.869 377 1051 120 8.75833 0.428093
 1.87659 378 1052 120 8.76667 0.422953
 1.88448 379 1053 120 8.775 0.417582
 1.89269 380 1054 120 8.78333 0.411974
 1.90124 381 1055 120 8.79167 0.406116
 1.91015 382 1056 120 8.8 0.4
 1.91946 383 1057 120 8.80833 0.393612
 1.92918 384 1058 120 8.81667 0.38694
 1.93936 385 1059 120 8.825 0.379967
 1.95002 386 1060 120 8.83333 0.372678
 1.96121 387 1061 120 8.84167 0.365053
 1.97298 388 1062 120 8.85 0.357071
 1.98538 389 1063 120 8.85833 0.348708
 1.99847 390 1064 120 8.86667 0.339935
 2.01232 391 1065 120 8.875 0.330719
 2.02703 392 1066 120 8.88333 0.321023
 2.04268 393 1067 120 8.89167 0.310801
 2.05942 394 1068 120 8.9 0.3
 2.07737 395 1069 120 8.90833 0.288555
 2.09674 396 1070 120 8.91667 0.276385
 2.11776 397 1071 120 8.925 0.263391
 2.14073 398 1072 120 8.93333 0.249444
 2.16607 399 1073 120 8.94167 0.234373
 2.19433 400 1074 120 8.95 0.217945
 2.22635 401 1075 120 8.95833 0.199826
 2.26338 402 1076 120 8.96667 0.179505
 2.30759 403 1077 120 8.975 0.156125
 2.36323 404 1078 120 8.98333 0.128019
 2.44134 405 1079 120 8.99167 0.0909059
 2.6601 406 1080 120 9 0
 1.33407 406 1081 120 9.00833 0.0909059
 1.33811 406 1082 120 9.01667 0.128019
 1.34219 406 1083 120 9.025 0.156125
 1.34629 406 1084 120 9.03333 0.179505
 1.35042 406 1085 120 9.04167 0.199826
 1.35459 406 1086 120 9.05 0.217945
 1.35878 406 1087 120 9.05833 0.234373
 1.36301 406 1088 120 9.06667 0.249444
 1.36727 406 1089 120 9.075 0.263391
 1.37156 406 1090 120 9.08333 0.276385
 1.37588 406 1091 120 9.09167 0.288555
 1.38024 406 1092 120 9.1 0.3
 1.38463 406 1093 120 9.10833 0.310801
 1.38906 406 1094 120 9.11667 0.321023
 1.39352 406 1095 120 9.125 0.330719
 1.39802 406 1096 120 9.13333 0.339935
 1.40256 406 1097 120 9.14167 0.348708
 1.40713 406 1098 120 9.15 0.357071
 1.41174 406 1099 120 9.15833 0.365053
 1.41638 406 1100 120 9.16667 0.372678
 1.42107 406 1101 120 9.175 0.379967
 1.4258 406 1102 120 9.18333 0.38694
 1.43057 406 1103 120 9.19167 0.393612
 1.43537 406 1104 120 9.2 0.4
 1.44023 406 1105 120 9.20833 0.406116
 1.44512 406 1106 120 9.21667 0.411974
 1.45006 406 1107 120 9.225 0.417582
 1.45504 406 1108 120 9.23333 0.422953
 1.46007 406 1109 120 9.24167 0.428093
 1.46514 406 1110 120 9.25 0.433013
 1.47026 406 1111 120 9.25833 0.437718
 1.47543 406 1112 120 9.26667 0.442217
 1.48065 406 1113 120 9.275 0.446514
 1.48592 406 1114 120 9.28333 0.450617
 1.49124 406 1115 120 9.29167 0.45453
 1.49661 406 1116 120 9.3 0.458258
 1.50204 406 1117 120 9.30833 0.461805
 1.50752 406 1118 120 9.31667 0.465176
 1.51306 406 1119 120 9.325 0.468375
 1.51865 406 1120 120 9.33333 0.471405
 1.5243 406 1121 120 9.34167 0.474268
 1.53001 406 1122 120 9.35 0.47697
 1.53578 406 1123 120 9.35833 0.479511
 1.54162 406 1124 120 9.36667 0.481894
 1.54752 406 1125 120 9.375 0.484123
 1.55348 406 1126 120 9.38333 0.486198
 1.55951 406 1127 120 9.39167 0.488123
 1.56561 406 1128 120 9.4 0.489898
 1.57178 406 1129 120 9.40833 0.491525
 1.57802 406 1130 120 9.41667 0.493007
 1.58433 406 1131 120 9.425 0.494343
 1.59072 406 1132 120 9.43333 0.495536
 1.59719 406 1133 120 9.44167 0.496586
 1.60374 406 1134 120 9.45 0.497494
 1.61037 406 1135 120 9.45833 0.498261
 1.61708 406 1136 120 9.46667 0.498888
 1.62388 406 1137 120 9.475 0.499375
 1.63077 406 1138 120 9.48333 0.499722
 1.63775 406 1139 120 9.49167 0.499931
 1.64482 406 1140 120 9.5 0.5
 1.65199 406 1141 120 9.50833 0.499931
 1.65926 406 1142 120 9.51667 0.499722
 1.66663 406 1143 120 9.525 0.499375
 1.6741 406 1144 120 9.53333 0.498888
 1.68169 406 1145 120 9.54167 0.498261
 1.68939 406 1146 120 9.55 0.497494
 1.6972 406 1147 120 9.55833 0.496586
 1.70513 406 1148 120 9.56667 0.495536
 1.71319 406 1149 120 9.575 0.494343
 1.72137 406 1150 120 9.58333 0.493007
 1.72544 407 1151 120 9.59167 0.491525
 1.73387 407 1152 120 9.6 0.489898
 1.74244 407 1153 120 9.60833 0.488123
 1.74687 408 1154 120 9.61667 0.486198
 1.75572 408 1155 120 9.625 0.484123
 1.76473 408 1156 120 9.63333 0.481894
 1.76957 409 1157 120 9.64167 0.479511
 1.77455 410 1158 120 9.65 0.47697
 1.77969 411 1159 120 9.65833 0.474268
 1.78498 412 1160 120 9.66667 0.471405
 1.79478 412 1161 120 9.675 0.468375
 1.80041 413 1162 120 9.68333 0.465176
 1.8106 413 1163 120 9.69167 0.461805
 1.8166 414 1164 120 9.7 0.458258
 1.8228 415 1165 120 9.70833 0.45453
 1.82921 416 1166 120 9.71667 0.450617
 1.83584 417 1167 120 9.725 0.446514
 1.84269 418 1168 120 9.73333 0.442217
 1.84979 419 1169 120 9.74167 0.437718
 1.85714 420 1170 120 9.75 0.433013
 1.86476 421 1171 120 9.75833 0.428093
 1.87267 422 1172 120 9.76667 0.422953
 1.88087 423 1173 120 9.775 0.417582
 1.8894 424 1174 120 9.78333 0.411974
 1.89827 425 1175 120 9.79167 0.406116
 1.9075 426 1176 120 9.8 0.4
 1.91713 427 1177 120 9.80833 0.393612
 1.92717 428 1178 120 9.81667 0.38694
 1.93767 429 1179 120 9.825 0.379967
 1.94865 430 1180 120 9.83333 0.372678
 1.96017 431 1181 120 9.84167 0.365053
 1.97226 432 1182 120 9.85 0.357071
 1.98498 433 1183 120 9.85833 0.348708
 1.9984 434 1184 120 9.86667 0.339935
 2.01258 435 1185 120 9.875 0.330719
 2.02762 436 1186 120 9.88333 0.321023
 2.04361 437 1187 120 9.89167 0.310801
 2.06068 438 1188 120 9.9 0.3
 2.07898 439 1189 120 9.90833 0.288555
 2.0987 440 1190 120 9.91667 0.276385
 2.12007 441 1191 120 9.925 0.263391
 2.14341 442 1192 120 9.93333 0.249444
 2.16911 443 1193 120 9.94167 0.234373
 2.19776 444 1194 120 9.95 0.217945
 2.23016 445 1195 120 9.95833 0.199826
 2.26761 446 1196 120 9.96667 0.179505
 2.31225 447 1197 120 9.975 0.156125
 2.36835 448 1198 120 9.98333 0.128019
 2.447 449 1199 120 9.99167 0.0909059
 2.66667 450 1200 120 10 0
 1.33724 450 1201 120 10.0083 0.0909059
 1.34117 450 1202 120 10.0167 0.128019
 1.34513 450 1203 120 10.025 0.156125
 1.34912 450 1204 120 10.0333 0.179505
 1.35313 450 1205 120 10.0417 0.199826
 1.35718 450 1206 120 10.05 0.217945
 1.36126 450 1207 120 10.0583 0.234373
 1.36537 450 1208 120 10.0667 0.249444
 1.36951 450 1209 120 10.075 0.263391
 1.37369 450 1210 120 10.0833 0.276385
 1.37789 450 1211 120 10.0917 0.288555
 1.38213 450 1212 120 10.1 0.3
 1.3864 450 1213 120 10.1083 0.310801
 1.39071 450 1214 120 10.1167 0.321023
 1.39505 450 1215 120 10.125 0.330719
 1.39943 450 1216 120 10.1333 0.339935
 1.40384 450 1217 120 10.1417 0.348708
 1.40829 450 1218 120 10.15 0.357071
 1.41278 450 1219 120 10.1583 0.365053
 1.4173 450 1220 120 10.1667 0.372678
 1.42186 450 1221 120 10.175 0.379967
 1.42646 450 1222 120 10.1833 0.38694
 1.43111 450 1223 120 10.1917 0.393612
 1.43579 450 1224 120 10.2 0.4
 1.44051 450 1225 120 10.2083 0.406116
 1.44528 450 1226 120 10.2167 0.411974
 1.45009 450 1227 120 10.225 0.417582
 1.45495 450 1228 120 10.2333 0.422953
 1.45984 450 1229 120 10.2417 0.428093
 1.46479 450 1230 120 10.25 0.433013
 1.46978 450 1231 120 10.2583 0.437718
 1.47482 450 1232 120 10.2667 0.442217
 1.47991 450 1233 120 10.275 0.446514
 1.48504 450 1234 120 10.2833 0.450617
 1.49023 450 1235 120 10.2917 0.45453
 1.49547 450 1236 120 10.3 0.458258
 1.50076 450 1237 120 10.3083 0.461805
 1.5061 450 1238 120 10.3167 0.465176
 1.51151 450 1239 120 10.325 0.468375
 1.51696 450 1240 120 10.3333 0.471405
 1.52248 450 1241 120 10.3417 0.474268
 1.52805 450 1242 120 10.35 0.47697
 1.53368 450 1243 120 10.3583 0.479511
 1.53938 450 1244 120 10.3667 0.481894
 1.54513 450 1245 120 10.375 0.484123
 1.55095 450 1246 120 10.3833 0.486198
 1.55684 450 1247 120 10.3917 0.488123
 1.5628 450 1248 120 10.4 0.489898
 1.56882 450 1249 120 10.4083 0.491525
 1.57492 450 1250 120 10.4167 0.493007
 1.58108 450 1251 120 10.425 0.494343
 1.58733 450 1252 120 10.4333 0.495536
 1.59365 450 1253 120 10.4417 0.496586
 1.60004 450 1254 120 10.45 0.497494
 1.60652 450 1255 120 10.4583 0.498261
 1.61308 450 1256 120 10.4667 0.498888
 1.61973 450 1257 120 10.475 0.499375
 1.62646 450 1258 120 10.4833 0.499722
 1.63329 450 1259 120 10.4917 0.499931
 1.6402 450 1260 120 10.5 0.5
 1.64721 450 1261 120 10.5083 0.499931
 1.65432 450 1262 120 10.5167 0.499722
 1.66153 450 1263 120 10.525 0.499375
 1.66885 450 1264 120 10.5333 0.498888
 1.67627 450 1265 120 10.5417 0.498261
 1.6838 450 1266 120 10.55 0.497494
 1.69145 450 1267 120 10.5583 0.496586
 1.69922 450 1268 120 10.5667 0.495536
 1.7071 450 1269 120 10.575 0.494343
 1.71512 450 1270 120 10.5833 0.493007
 1.72326 450 1271 120 10.5917 0.491525
 1.7277 451 1272 120 10.6 0.489898
 1.7361 451 1273 120 10.6083 0.488123
 1.74465 451 1274 120 10.6167 0.486198
 1.75335 451 1275 120 10.625 0.484123
 1.7583 452 1276 120 10.6333 0.481894
 1.7634 453 1277 120 10.6417 0.479511
 1.77254 453 1278 120 10.65 0.47697
 1.77794 454 1279 120 10.6583 0.474268
 1.78349 455 1280 120 10.6667 0.471405
 1.78921 456 1281 120 10.675 0.468375
 1.79903 456 1282 120 10.6833 0.465176
 1.80511 457 1283 120 10.6917 0.461805
 1.81137 458 1284 120 10.7 0.458258
 1.81783 459 1285 120 10.7083 0.45453
 1.82449 460 1286 120 10.7167 0.450617
 1.83138 461 1287 120 10.725 0.446514
 1.83849 462 1288 120 10.7333 0.442217
 1.84584 463 1289 120 10.7417 0.437718
 1.85345 464 1290 120 10.75 0.433013
 1.86132 465 1291 120 10.7583 0.428093
 1.86949 466 1292 120 10.7667 0.422953
 1.87795 467 1293 120 10.775 0.417582
 1.88673 468 1294 120 10.7833 0.411974
 1.89586 469 1295 120 10.7917 0.406116
 1.90535 470 1296 120 10.8 0.4
 1.91523 471 1297 120 10.8083 0.393612
 1.92554 472 1298 120 10.8167 0.38694
 1.93629 473 1299 120 10.825 0.379967
 1.94754 474 1300 120 10.8333 0.372678
 1.95931 475 1301 120 10.8417 0.365053
 1.97167 476 1302 120 10.85 0.357071
 1.98466 477 1303 120 10.8583 0.348708
 1.99834 478 1304 120 10.8667 0.339935
 2.0128 479 1305 120 10.875 0.330719
 2.0281 480 1306 120 10.8833 0.321023
 2.04437 481 1307 120 10.8917 0.310801
 2.06172 482 1308 120 10.9 0.3
 2.0803 483 1309 120 10.9083 0.288555
 2.10031 484 1310 120 10.9167 0.276385
 2.12197 485 1311 120 10.925 0.263391
 2.1456 486 1312 120 10.9333 0.249444
 2.17161 487 1313 120 10.9417 0.234373
 2.20056 488 1314 120 10.95 0.217945
 2.23329 489 1315 120 10.9583 0.199826
 2.27107 490 1316 120 10.9667 0.179505
 2.31608 491 1317 120 10.975 0.156125
 2.37256 492 1318 120 10.9833 0.128019
 2.45165 493 1319 120 10.9917 0.0909059
 2.67206 494 1320 120 11 0
 1.33984 494 1321 120 11.0083 0.0909059
 1.34368 494 1322 120 11.0167 0.128019
 1.34754 494 1323 120 11.025 0.156125
 1.35144 494 1324 120 11.0333 0.179505
 1.35536 494 1325 120 11.0417 0.199826
 1.35931 494 1326 120 11.05 0.217945
 1.3633 494 1327 120 11.0583 0.234373
 1.36731 494 1328 120 11.0667 0.249444
 1.37136 494 1329 120 11.075 0.263391
 1.37543 494 1330 120 11.0833 0.276385
 1.37954 494 1331 120 11.0917 0.288555
 1.38368 494 1332 120 11.1 0.3
 1.38786 494 1333 120 11.1083 0.310801
 1.39206 494 1334 120 11.1167 0.321023
 1.39631 494 1335 120 11.125 0.330719
 1.40058 494 1336 120 11.1333 0.339935
 1.40489 494 1337 120 11.1417 0.348708
 1.40924 494 1338 120 11.15 0.357071
 1.41363 494 1339 120 11.1583 0.365053
 1.41805 494 1340 120 11.1667 0.372678
 1.42251 494 1341 120 11.175 0.379967
 1.42701 494 1342 120 11.1833 0.38694
 1.43155 494 1343 120 11.1917 0.393612
 1.43613 494 1344 120 11.2 0.4
 1.44075 494 1345 120 11.2083 0.406116
 1.44542 494 1346 120 11.2167 0.411974
 1.45012 494 1347 120 11.225 0.417582
 1.45487 494 1348 120 11.2333 0.422953
 1.45966 494 1349 120 11.2417 0.428093
 1.4645 494 1350 120 11.25 0.433013
 1.46938 494 1351 120 11.2583 0.437718
 1.47431 494 1352 120 11.2667 0.442217
 1.47929 494 1353 120 11.275 0.446514
 1.48432 494 1354 120 11.2833 0.450617
 1.4894 494 1355 120 11.2917 0.45453
 1.49453 494 1356 120 11.3 0.458258
 1.49971 494 1357 120 11.3083 0.461805
 1.50494 494 1358 120 11.3167 0.465176
 1.51023 494 1359 120 11.325 0.468375
 1.51557 494 1360 120 11.3333 0.471405
 1.52098 494 1361 120 11.3417 0.474268
 1.52643 494 1362 120 11.35 0.47697
 1.53195 494 1363 120 11.3583 0.479511
 1.53753 494 1364 120 11.3667 0.481894
 1.54317 494 1365 120 11.375 0.484123
 1.54888 494 1366 120 11.3833 0.486198
 1.55465 494 1367 120 11.3917 0.488123
 1.56048 494 1368 120 11.4 0.489898
 1.56639 494 1369 120 11.4083 0.491525
 1.57237 494 1370 120 11.4167 0.493007
 1.57841 494 1371 120 11.425 0.494343
 1.58453 494 1372 120 11.4333 0.495536
 1.59073 494 1373 120 11.4417 0.496586
 1.59701 494 1374 120 11.45 0.497494
 1.60336 494 1375 120 11.4583 0.498261
 1.6098 494 1376 120 11.4667 0.498888
 1.61632 494 1377 120 11.475 0.499375
 1.62292 494 1378 120 11.4833 0.499722
 1.62962 494 1379 120 11.4917 0.499931
 1.63641 494 1380 120 11.5 0.5
 1.64329 494 1381 120 11.5083 0.499931
 1.65027 494 1382 120 11.5167 0.499722
 1.65735 494 1383 120 11.525 0.499375
 1.66453 494 1384 120 11.5333 0.498888
 1.67182 494 1385 120 11.5417 0.498261
 1.67922 494 1386 120 11.55 0.497494
 1.68673 494 1387 120 11.5583 0.496586
 1.69436 494 1388 120 11.5667 0.495536
 1.7021 494 1389 120 11.575 0.494343
 1.70998 494 1390 120 11.5833 0.493007
 1.71798 494 1391 120 11.5917 0.491525
 1.72612 494 1392 120 11.6 0.489898
 1.73089 495 1393 120 11.6083 0.488123
 1.7393 495 1394 120 11.6167 0.486198
 1.74785 495 1395 120 11.625 0.484123
 1.75656 495 1396 120 11.6333 0.481894
 1.76186 496 1397 120 11.6417 0.479511
 1.76732 497 1398 120 11.65 0.47697
 1.77292 498 1399 120 11.6583 0.474268
 1.77869 499 1400 120 11.6667 0.471405
 1.78461 500 1401 120 11.675 0.468375
 1.79429 500 1402 120 11.6833 0.465176
 1.80058 501 1403 120 11.6917 0.461805
 1.80705 502 1404 120 11.7 0.458258
 1.81372 503 1405 120 11.7083 0.45453
 1.8206 504 1406 120 11.7167 0.450617
 1.82769 505 1407 120 11.725 0.446514
 1.83501 506 1408 120 11.7333 0.442217
 1.84258 507 1409 120 11.7417 0.437718
 1.85039 508 1410 120 11.75 0.433013
 1.85848 509 1411 120 11.7583 0.428093
 1.86685 510 1412 120 11.7667 0.422953
 1.87553 511 1413 120 11.775 0.417582
 1.88452 512 1414 120 11.7833 0.411974
 1.89386 513 1415 120 11.7917 0.406116
 1.90356 514 1416 120 11.8 0.4
 1.91366 515 1417 120 11.8083 0.393612
 1.92418 516 1418 120 11.8167 0.38694
 1.93515 517 1419 120 11.825 0.379967
 1.94661 518 1420 120 11.8333 0.372678
 1.95861 519 1421 120 11.8417 0.365053
 1.97118 520 1422 120 11.85 0.357071
 1.98439 521 1423 120 11.8583 0.348708
 1.9983 522 1424 120 11.8667 0.339935
 2.01297 523 1425 120 11.875 0.330719
 2.02851 524 1426 120 11.8833 0.321023
 2.045 525 1427 120 11.8917 0.310801
 2.06258 526 1428 120 11.9 0.3
 2.0814 527 1429 120 11.9083 0.288555
 2.10164 528 1430 120 11.9167 0.276385
 2.12355 529 1431 120 11.925 0.263391
 2.14742 530 1432 120 11.9333 0.249444
 2.17369 531 1433 120 11.9417 0.234373
 2.2029 532 1434 120 11.95 0.217945
 2.23591 533 1435 120 11.9583 0.199826
 2.27397 534 1436 120 11.9667 0.179505
 2.31927 535 1437 120 11.975 0.156125
 2.37608 536 1438 120 11.9833 0.128019
 2.45554 537 1439 120 11.9917 0.0909059
 2.67658 538 1440 120 12 0
 1.34202 538 1441 120 12.0083 0.0909059
 1.34578 538 1442 120 12.0167 0.128019
 1.34957 538 1443 120 12.025 0.156125
 1.35338 538 1444 120 12.0333 0.179505
 1.35722 538 1445 120 12.0417 0.199826
 1.3611 538 1446 120 12.05 0.217945
 1.365 538 1447 120 12.0583 0.234373
 1.36893 538 1448 120 12.0667 0.249444
 1.3729 538 1449 120 12.075 0.263391
 1.37689 538 1450 120 12.0833 0.276385
 1.38092 538 1451 120 12.0917 0.288555
 1.38498 538 1452 120 12.1 0.3
 1.38907 538 1453 120 12.1083 0.310801
 1.3932 538 1454 120 12.1167 0.321023
 1.39736 538 1455 120 12.125 0.330719
 1.40155 538 1456 120 12.1333 0.339935
 1.40578 538 1457 120 12.1417 0.348708
 1.41004 538 1458 120 12.15 0.357071
 1.41434 538 1459 120 12.1583 0.365053
 1.41868 538 1460 120 12.1667 0.372678
 1.42306 538 1461 120 12.175 0.379967
 1.42747 538 1462 120 12.1833 0.38694
 1.43192 538 1463 120 12.1917 0.393612
 1.43642 538 1464 120 12.2 0.4
 1.44095 538 1465 120 12.2083 0.406116
 1.44553 538 1466 120 12.2167 0.411974
 1.45014 538 1467 120 12.225 0.417582
 1.4548 538 1468 120 12.2333 0.422953
 1.45951 538 1469 120 12.2417 0.428093
 1.46426 538 1470 120 12.25 0.433013
 1.46905 538 1471 120 12.2583 0.437718
 1.47389 538 1472 120 12.2667 0.442217
 1.47878 538 1473 120 12.275 0.446514
 1.48372 538 1474 120 12.2833 0.450617
 1.4887 538 1475 120 12.2917 0.45453
 1.49374 538 1476 120 12.3 0.458258
 1.49883 538 1477 120 12.3083 0.461805
 1.50397 538 1478 120 12.3167 0.465176
 1.50917 538 1479 120 12.325 0.468375
 1.51441 538 1480 120 12.3333 0.471405
 1.51972 538 1481 120 12.3417 0.474268
 1.52508 538 1482 120 12.35 0.47697
 1.53051 538 1483 120 12.3583 0.479511
 1.53599 538 1484 120 12.3667 0.481894
 1.54153 538 1485 120 12.375 0.484123
 1.54714 538 1486 120 12.3833 0.486198
 1.55281 538 1487 120 12.3917 0.488123
 1.55855 538 1488 120 12.4 0.489898
 1.56436 538 1489 120 12.4083 0.491525
 1.57023 538 1490 120 12.4167 0.493007
 1.57618 538 1491 120 12.425 0.494343
 1.5822 538 1492 120 12.4333 0.495536
 1.58829 538 1493 120 12.4417 0.496586
 1.59446 538 1494 120 12.45 0.497494
 1.60072 538 1495 120 12.4583 0.498261
 1.60705 538 1496 120 12.4667 0.498888
 1.61346 538 1497 120 12.475 0.499375
 1.61996 538 1498 120 12.4833 0.499722
 1.62655 538 1499 120 12.4917 0.499931
 1.63323 538 1500 120 12.5 0.5
 1.64001 538 1501 120 12.5083 0.499931
 1.64688 538 1502 120 12.5167 0.499722
 1.65385 538 1503 120 12.525 0.499375
 1.66092 538 1504 120 12.5333 0.498888
 1.66809 538 1505 120 12.5417 0.498261
 1.67538 538 1506 120 12.55 0.497494
 1.68278 538 1507 120 12.5583 0.496586
 1.69029 538 1508 120 12.5667 0.495536
 1.69792 538 1509 120 12.575 0.494343
 1.70568 538 1510 120 12.5833 0.493007
 1.71357 538 1511 120 12.5917 0.491525
 1.72158 538 1512 120 12.6 0.489898
 1.72974 538 1513 120 12.6083 0.488123
 1.73481 539 1514 120 12.6167 0.486198
 1.74325 539 1515 120 12.625 0.484123
 1.75183 539 1516 120 12.6333 0.481894
 1.76057 539 1517 120 12.6417 0.479511
 1.76621 540 1518 120 12.65 0.47697
 1.77199 541 1519 120 12.6583 0.474268
 1.77794 542 1520 120 12.6667 0.471405
 1.78404 543 1521 120 12.675 0.468375
 1.79032 544 1522 120 12.6833 0.465176
 1.79678 545 1523 120 12.6917 0.461805
 1.80343 546 1524 120 12.7 0.458258
 1.81027 547 1525 120 12.7083 0.45453
 1.81733 548 1526 120 12.7167 0.450617
 1.8246 549 1527 120 12.725 0.446514
 1.83209 550 1528 120 12.7333 0.442217
 1.83983 551 1529 120 12.7417 0.437718
 1.84783 552 1530 120 12.75 0.433013
 1.85609 553 1531 120 12.7583 0.428093
 1.86464 554 1532 120 12.7667 0.422953
 1.87349 555 1533 120 12.775 0.417582
 1.88266 556 1534 120 12.7833 0.411974
 1.89218 557 1535 120 12.7917 0.406116
 1.90206 558 1536 120 12.8 0.4
 1.91234 559 1537 120 12.8083 0.393612
 1.92303 560 1538 120 12.8167 0.38694
 1.93419 561 1539 120 12.825 0.379967
 1.94583 562 1540 120 12.8333 0.372678
 1.95801 563 1541 120 12.8417 0.365053
 1.97077 564 1542 120 12.85 0.357071
 1.98416 565 1543 120 12.8583 0.348708
 1.99826 566 1544 120 12.8667 0.339935
 2.01312 567 1545 120 12.875 0.330719
 2.02885 568 1546 120 12.8833 0.321023
 2.04554 569 1547 120 12.8917 0.310801
 2.06331 570 1548 120 12.9 0.3
 2.08233 571 1549 120 12.9083 0.288555
 2.10277 572 1550 120 12.9167 0.276385
 2.12488 573 1551 120 12.925 0.263391
 2.14897 574 1552 120 12.9333 0.249444
 2.17545 575 1553 120 12.9417 0.234373
 2.20489 576 1554 120 12.95 0.217945
 2.23812 577 1555 120 12.9583 0.199826
 2.27643 578 1556 120 12.9667 0.179505
 2.32198 579 1557 120 12.975 0.156125
 2.37907 580 1558 120 12.9833 0.128019
 2.45884 581 1559 120 12.9917 0.0909059
 2.68041 582 1560 120 13 0
 1.34387 582 1561 120 13.0083 0.0909059
 1.34756 582 1562 120 13.0167 0.128019
 1.35128 582 1563 120 13.025 0.156125
 1.35503 582 1564 120 13.0333 0.179505
 1.35881 582 1565 120 13.0417 0.199826
 1.36261 582 1566 120 13.05 0.217945
 1.36645 582 1567 120 13.0583 0.234373
 1.37031 582 1568 120 13.0667 0.249444
 1.37421 582 1569 120 13.075 0.263391
 1.37813 582 1570 120 13.0833 0.276385
 1.38209 582 1571 120 13.0917 0.288555
 1.38608 582 1572 120 13.1 0.3
 1.3901 582 1573 120 13.1083 0.310801
 1.39416 582 1574 120 13.1167 0.321023
 1.39825 582 1575 120 13.125 0.330719
 1.40237 582 1576 120 13.1333 0.339935
 1.40653 582 1577 120 13.1417 0.348708
 1.41072 582 1578 120 13.15 0.357071
 1.41495 582 1579 120 13.1583 0.365053
 1.41922 582 1580 120 13.1667 0.372678
 1.42352 582 1581 120 13.175 0.379967
 1.42786 582 1582 120 13.1833 0.38694
 1.43224 582 1583 120 13.1917 0.393612
 1.43666 582 1584 120 13.2 0.4
 1.44112 582 1585 120 13.2083 0.406116
 1.44562 582 1586 120 13.2167 0.411974
 1.45016 582 1587 120 13.225 0.417582
 1.45475 582 1588 120 13.2333 0.422953
 1.45938 582 1589 120 13.2417 0.428093
 1.46405 582 1590 120 13.25 0.433013
 1.46877 582 1591 120 13.2583 0.437718
 1.47354 582 1592 120 13.2667 0.442217
 1.47835 582 1593 120 13.275 0.446514
 1.48321 582 1594 120 13.2833 0.450617
 1.48811 582 1595 120 13.2917 0.45453
 1.49307 582 1596 120 13.3 0.458258
 1.49808 582 1597 120 13.3083 0.461805
 1.50315 582 1598 120 13.3167 0.465176
 1.50826 582 1599 120 13.325 0.468375
 1.51343 582 1600 120 13.3333 0.471405
 1.51866 582 1601 120 13.3417 0.474268
 1.52394 582 1602 120 13.35 0.47697
 1.52928 582 1603 120 13.3583 0.479511
 1.53468 582 1604 120 13.3667 0.481894
 1.54014 582 1605 120 13.375 0.484123
 1.54567 582 1606 120 13.3833 0.486198
 1.55126 582 1607 120 13.3917 0.488123
 1.55691 582 1608 120 13.4 0.489898
 1.56263 582 1609 120 13.4083 0.491525
 1.56842 582 1610 120 13.4167 0.493007
 1.57428 582 1611 120 13.425 0.494343
 1.58022 582 1612 120 13.4333 0.495536
 1.58622 582 1613 120 13.4417 0.496586
 1.59231 582 1614 120 13.45 0.497494
 1.59847 582 1615 120 13.4583 0.498261
 1.60471 582 1616 120 13.4667 0.498888
 1.61104 582 1617 120 13.475 0.499375
 1.61745 582 1618 120 13.4833 0.499722
 1.62395 582 1619 120 13.4917 0.499931
 1.63054 582 1620 120 13.5 0.5
 1.63722 582 1621 120 13.5083 0.499931
 1.644 582 1622 120 13.5167 0.499722
 1.65087 582 1623 120 13.525 0.499375
 1.65785 582 1624 120 13.5333 0.498888
 1.66493 582 1625 120 13.5417 0.498261
 1.67212 582 1626 120 13.55 0.497494
 1.67942 582 1627 120 13.5583 0.496586
 1.68684 582 1628 120 13.5667 0.495536
 1.69437 582 1629 120 13.575 0.494343
 1.70203 582 1630 120 13.5833 0.493007
 1.70982 582 1631 120 13.5917 0.491525
 1.71773 582 1632 120 13.6 0.489898
 1.72579 582 1633 120 13.6083 0.488123
 1.73398 582 1634 120 13.6167 0.486198
 1.73934 583 1635 120 13.625 0.484123
 1.74782 583 1636 120 13.6333 0.481894
 1.75646 583 1637 120 13.6417 0.479511
 1.76224 584 1638 120 13.65 0.47697
 1.76817 585 1639 120 13.6583 0.474268
 1.77426 586 1640 120 13.6667 0.471405
 1.78052 587 1641 120 13.675 0.468375
 1.78695 588 1642 120 13.6833 0.465176
 1.79355 589 1643 120 13.6917 0.461805
 1.80035 590 1644 120 13.7 0.458258
 1.80734 591 1645 120 13.7083 0.45453
 1.81454 592 1646 120 13.7167 0.450617
 1.82196 593 1647 120 13.725 0.446514
 1.82961 594 1648 120 13.7333 0.442217
 1.83749 595 1649 120 13.7417 0.437718
 1.84564 596 1650 120 13.75 0.433013
 1.85405 597 1651 120 13.7583 0.428093
 1.86275 598 1652 120 13.7667 0.422953
 1.87175 599 1653 120 13.775 0.417582
 1.88107 600 1654 120 13.7833 0.411974
 1.89074 601 1655 120 13.7917 0.406116
 1.90078 602 1656 120 13.8 0.4
 1.91121 603 1657 120 13.8083 0.393612
 1.92206 604 1658 120 13.8167 0.38694
 1.93336 605 1659 120 13.825 0.379967
 1.94516 606 1660 120 13.8333 0.372678
 1.9575 607 1661 120 13.8417 0.365053
 1.97041 608 1662 120 13.85 0.357071
 1.98397 609 1663 120 13.8583 0.348708
 1.99822 610 1664 120 13.8667 0.339935
 2.01325 611 1665 120 13.875 0.330719
 2.02914 612 1666 120 13.8833 0.321023
 2.04599 613 1667 120 13.8917 0.310801
 2.06394 614 1668 120 13.9 0.3
 2.08312 615 1669 120 13.9083 0.288555
 2.10374 616 1670 120 13.9167 0.276385
 2.12603 617 1671 120 13.925 0.263391
 2.1503 618 1672 120 13.9333 0.249444
 2.17696 619 1673 120 13.9417 0.234373
 2.20659 620 1674 120 13.95 0.217945
 2.24002 621 1675 120 13.9583 0.199826
 2.27853 622 1676 120 13.9667 0.179505
 2.32431 623 1677 120 13.975 0.156125
 2.38163 624 1678 120 13.9833 0.128019
 2.46168 625 1679 120 13.9917 0.0909059
 2.68371 626 1680 120 14 0
 1.34546 626 1681 120 14.0083 0.0909059
 1.3491 626 1682 120 14.0167 0.128019
 1.35276 626 1683 120 14.025 0.156125
 1.35645 626 1684 120 14.0333 0.179505
 1.36017 626 1685 120 14.0417 0.199826
 1.36391 626 1686 120 14.05 0.217945
 1.36769 626 1687 120 14.0583 0.234373
 1.3715 626 1688 120 14.0667 0.249444
 1.37533 626 1689 120 14.075 0.263391
 1.3792 626 1690 120 14.0833 0.276385
 1.3831 626 1691 120 14.0917 0.288555
 1.38703 626 1692 120 14.1 0.3
 1.39099 626 1693 120 14.1083 0.310801
 1.39498 626 1694 120 14.1167 0.321023
 1.39901 626 1695 120 14.125 0.330719
 1.40307 626 1696 120 14.1333 0.339935
 1.40717 626 1697 120 14.1417 0.348708
 1.4113 626 1698 120 14.15 0.357071
 1.41547 626 1699 120 14.1583 0.365053
 1.41967 626 1700 120 14.1667 0.372678
 1.42392 626 1701 120 14.175 0.379967
 1.4282 626 1702 120 14.1833 0.38694
 1.43251 626 1703 120 14.1917 0.393612
 1.43687 626 1704 120 14.2 0.4
 1.44127 626 1705 120 14.2083 0.406116
 1.4457 626 1706 120 14.2167 0.411974
 1.45018 626 1707 120 14.225 0.417582
 1.4547 626 1708 120 14.2333 0.422953
 1.45927 626 1709 120 14.2417 0.428093
 1.46388 626 1710 120 14.25 0.433013
 1.46853 626 1711 120 14.2583 0.437718
 1.47323 626 1712 120 14.2667 0.442217
 1.47797 626 1713 120 14.275 0.446514
 1.48277 626 1714 120 14.2833 0.450617
 1.48761 626 1715 120 14.2917 0.45453
 1.4925 626 1716 120 14.3 0.458258
 1.49744 626 1717 120 14.3083 0.461805
 1.50244 626 1718 120 14.3167 0.465176
 1.50748 626 1719 120 14.325 0.468375
 1.51258 626 1720 120 14.3333 0.471405
 1.51774 626 1721 120 14.3417 0.474268
 1.52295 626 1722 120 14.35 0.47697
 1.52823 626 1723 120 14.3583 0.479511
 1.53356 626 1724 120 14.3667 0.481894
 1.53895 626 1725 120 14.375 0.484123
 1.5444 626 1726 120 14.3833 0.486198
 1.54992 626 1727 120 14.3917 0.488123
 1.5555 626 1728 120 14.4 0.489898
 1.56115 626 1729 120 14.4083 0.491525
 1.56687 626 1730 120 14.4167 0.493007
 1.57265 626 1731 120 14.425 0.494343
 1.57851 626 1732 120 14.4333 0.495536
 1.58445 626 1733 120 14.4417 0.496586
 1.59046 626 1734 120 14.45 0.497494
 1.59654 626 1735 120 14.4583 0.498261
 1.60271 626 1736 120 14.4667 0.498888
 1.60896 626 1737 120 14.475 0.499375
 1.61529 626 1738 120 14.4833 0.499722
 1.62171 626 1739 120 14.4917 0.499931
 1.62822 626 1740 120 14.5 0.5
 1.63483 626 1741 120 14.5083 0.499931
 1.64152 626 1742 120 14.5167 0.499722
 1.64832 626 1743 120 14.525 0.499375
 1.65522 626 1744 120 14.5333 0.498888
 1.66222 626 1745 120 14.5417 0.498261
 1.66932 626 1746 120 14.55 0.497494
 1.67654 626 1747 120 14.5583 0.496586
 1.68387 626 1748 120 14.5667 0.495536
 1.69132 626 1749 120 14.575 0.494343
 1.6989 626 1750 120 14.5833 0.493007
 1.70659 626 1751 120 14.5917 0.491525
 1.71442 626 1752 120 14.6 0.489898
 1.72239 626 1753 120 14.6083 0.488123
 1.7305 626 1754 120 14.6167 0.486198
 1.73598 627 1755 120 14.625 0.484123
 1.74437 627 1756 120 14.6333 0.481894
 1.75292 627 1757 120 14.6417 0.479511
 1.75883 628 1758 120 14.65 0.47697
 1.76489 629 1759 120 14.6583 0.474268
 1.7711 630 1760 120 14.6667 0.471405
 1.77749 631 1761 120 14.675 0.468375
 1.78404 632 1762 120 14.6833 0.465176
 1.79077 633 1763 120 14.6917 0.461805
 1.7977 634 1764 120 14.7 0.458258
 1.80482 635 1765 120 14.7083 0.45453
 1.81214 636 1766 120 14.7167 0.450617
 1.81969 637 1767 120 14.725 0.446514
 1.82746 638 1768 120 14.7333 0.442217
 1.83548 639 1769 120 14.7417 0.437718
 1.84375 640 1770 120 14.75 0.433013
 1.85229 641 1771 120 14.7583 0.428093
 1.86112 642 1772 120 14.7667 0.422953
 1.87025 643 1773 120 14.775 0.417582
 1.8797 644 1774 120 14.7833 0.411974
 1.8895 645 1775 120 14.7917 0.406116
 1.89967 646 1776 120 14.8 0.4
 1.91023 647 1777 120 14.8083 0.393612
 1.92121 648 1778 120 14.8167 0.38694
 1.93265 649 1779 120 14.825 0.379967
 1.94459 650 1780 120 14.8333 0.372678
 1.95706 651 1781 120 14.8417 0.365053
 1.97011 652 1782 120 14.85 0.357071
 1.9838 653 1783 120 14.8583 0.348708
 1.99819 654 1784 120 14.8667 0.339935
 2.01336 655 1785 120 14.875 0.330719
 2.02939 656 1786 120 14.8833 0.321023
 2.04639 657 1787 120 14.8917 0.310801
 2.06448 658 1788 120 14.9 0.3
 2.08381 659 1789 120 14.9083 0.288555
 2.10458 660 1790 120 14.9167 0.276385
 2.12702 661 1791 120 14.925 0.263391
 2.15145 662 1792 120 14.9333 0.249444
 2.17827 663 1793 120 14.9417 0.234373
 2.20807 664 1794 120 14.95 0.217945
 2.24167 665 1795 120 14.9583 0.199826
 2.28036 666 1796 120 14.9667 0.179505
 2.32633 667 1797 120 14.975 0.156125
 2.38386 668 1798 120 14.9833 0.128019
 2.46414 669 1799 120 14.9917 0.0909059
 2.68657 670 1800 120 15 0
 1.34684 670 1801 120 15.0083 0.0909059
 1.35043 670 1802 120 15.0167 0.128019
 1.35404 670 1803 120 15.025 0.156125
 1.35768 670 1804 120 15.0333 0.179505
 1.36135 670 1805 120 15.0417 0.199826
 1.36504 670 1806 120 15.05 0.217945
 1.36877 670 1807 120 15.0583 0.234373
 1.37252 670 1808 120 15.0667 0.249444
 1.37631 670 1809 120 15.075 0.263391
 1.38012 670 1810 120 15.0833 0.276385
 1.38397 670 1811 120 15.0917 0.288555
 1.38785 670 1812 120 15.1 0.3
 1.39176 670 1813 120 15.1083 0.310801
 1.3957 670 1814 120 15.1167 0.321023
 1.39968 670 1815 120 15.125 0.330719
 1.40369 670 1816 120 15.1333 0.339935
 1.40773 670 1817 120 15.1417 0.348708
 1.41181 670 1818 120 15.15 0.357071
 1.41592 670 1819 120 15.1583 0.365053
 1.42007 670 1820 120 15.1667 0.372678
 1.42426 670 1821 120 15.175 0.379967
 1.42849 670 1822 120 15.1833 0.38694
 1.43275 670 1823 120 15.1917 0.393612
 1.43705 670 1824 120 15.2 0.4
 1.44139 670 1825 120 15.2083 0.406116
 1.44577 670 1826 120 15.2167 0.411974
 1.4502 670 1827 120 15.225 0.417582
 1.45466 670 1828 120 15.2333 0.422953
 1.45917 670 1829 120 15.2417 0.428093
 1.46372 670 1830 120 15.25 0.433013
 1.46832 670 1831 120 15.2583 0.437718
 1.47296 670 1832 120 15.2667 0.442217
 1.47765 670 1833 120 15.275 0.446514
 1.48238 670 1834 120 15.2833 0.450617
 1.48717 670 1835 120 15.2917 0.45453
 1.492 670 1836 120 15.3 0.458258
 1.49688 670 1837 120 15.3083 0.461805
 1.50182 670 1838 120 15.3167 0.465176
 1.50681 670 1839 120 15.325 0.468375
 1.51185 670 1840 120 15.3333 0.471405
 1.51695 670 1841 120 15.3417 0.474268
 1.5221 670 1842 120 15.35 0.47697
 1.52731 670 1843 120 15.3583 0.479511
 1.53258 670 1844 120 15.3667 0.481894
 1.53791 670 1845 120 15.375 0.484123
 1.5433 670 1846 120 15.3833 0.486198
 1.54875 670 1847 120 15.3917 0.488123
 1.55427 670 1848 120 15.4 0.489898
 1.55986 670 1849 120 15.4083 0.491525
 1.56551 670 1850 120 15.4167 0.493007
 1.57124 670 1851 120 15.425 0.494343
 1.57703 670 1852 120 15.4333 0.495536
 1.5829 670 1853 120 15.4417 0.496586
 1.58885 670 1854 120 15.45 0.497494
 1.59487 670 1855 120 15.4583 0.498261
 1.60097 670 1856 120 15.4667 0.498888
 1.60715 670 1857 120 15.475 0.499375
 1.61342 670 1858 120 15.4833 0.499722
 1.61977 670 1859 120 15.4917 0.499931
 1.62621 670 1860 120 15.5 0.5
 1.63275 670 1861 120 15.5083 0.499931
 1.63938 670 1862 120 15.5167 0.499722
 1.6461 670 1863 120 15.525 0.499375
 1.65293 670 1864 120 15.5333 0.498888
 1.65985 670 1865 120 15.5417 0.498261
 1.66689 670 1866 120 15.55 0.497494
 1.67404 670 1867 120 15.5583 0.496586
 1.6813 670 1868 120 15.5667 0.495536
 1.68867 670 1869 120 15.575 0.494343
 1.69617 670 1870 120 15.5833 0.493007
 1.7038 670 1871 120 15.5917 0.491525
 1.71155 670 1872 120 15.6 0.489898
 1.71944 670 1873 120 15.6083 0.488123
 1.72747 670 1874 120 15.6167 0.486198
 1.73306 671 1875 120 15.625 0.484123
 1.74137 671 1876 120 15.6333 0.481894
 1.74984 671 1877 120 15.6417 0.479511
 1.75586 672 1878 120 15.65 0.47697
 1.76203 673 1879 120 15.6583 0.474268
 1.76836 674 1880 120 15.6667 0.471405
 1.77485 675 1881 120 15.675 0.468375
 1.78151 676 1882 120 15.6833 0.465176
 1.78835 677 1883 120 15.6917 0.461805
 1.79539 678 1884 120 15.7 0.458258
 1.80262 679 1885 120 15.7083 0.45453
 1.81005 680 1886 120 15.7167 0.450617
 1.81771 681 1887 120 15.725 0.446514
 1.8256 682 1888 120 15.7333 0.442217
 1.83372 683 1889 120 15.7417 0.437718
 1.84211 684 1890 120 15.75 0.433013
 1.85076 685 1891 120 15.7583 0.428093
 1.8597 686 1892 120 15.7667 0.422953
 1.86894 687 1893 120 15.775 0.417582
 1.87851 688 1894 120 15.7833 0.411974
 1.88842 689 1895 120 15.7917 0.406116
 1.8987 690 1896 120 15.8 0.4
 1.90938 691 1897 120 15.8083 0.393612
 1.92048 692 1898 120 15.8167 0.38694
 1.93203 693 1899 120 15.825 0.379967
 1.94408 694 1900 120 15.8333 0.372678
 1.95667 695 1901 120 15.8417 0.365053
 1.96984 696 1902 120 15.85 0.357071
 1.98365 697 1903 120 15.8583 0.348708
 1.99817 698 1904 120 15.8667 0.339935
 2.01346 699 1905 120 15.875 0.330719
 2.02961 700 1906 120 15.8833 0.321023
 2.04674 701 1907 120 15.8917 0.310801
 2.06495 702 1908 120 15.9 0.3
 2.08442 703 1909 120 15.9083 0.288555
 2.10532 704 1910 120 15.9167 0.276385
 2.12789 705 1911 120 15.925 0.263391
 2.15245 706 1912 120 15.9333 0.249444
 2.17942 707 1913 120 15.9417 0.234373
 2.20936 708 1914 120 15.95 0.217945
 2.24311 709 1915 120 15.9583 0.199826
 2.28196 710 1916 120 15.9667 0.179505
 2.3281 711 1917 120 15.975 0.156125
 2.38581 712 1918 120 15.9833 0.128019
 2.4663 713 1919 120 15.9917 0.0909059
 2.68908 714 1920 120 16 0
 1.34805 714 1921 120 16.0083 0.0909059
 1.35159 714 1922 120 16.0167 0.128019
 1.35516 714 1923 120 16.025 0.156125
 1.35876 714 1924 120 16.0333 0.179505
 1.36238 714 1925 120 16.0417 0.199826
 1.36603 714 1926 120 16.05 0.217945
 1.36971 714 1927 120 16.0583 0.234373
 1.37343 714 1928 120 16.0667 0.249444
 1.37717 714 1929 120 16.075 0.263391
 1.38094 714 1930 120 16.0833 0.276385
 1.38474 714 1931 120 16.0917 0.288555
 1.38857 714 1932 120 16.1 0.3
 1.39243 714 1933 120 16.1083 0.310801
 1.39633 714 1934 120 16.1167 0.321023
 1.40026 714 1935 120 16.125 0.330719
 1.40422 714 1936 120 16.1333 0.339935
 1.40822 714 1937 120 16.1417 0.348708
 1.41225 714 1938 120 16.15 0.357071
 1.41632 714 1939 120 16.1583 0.365053
 1.42042 714 1940 120 16.1667 0.372678
 1.42456 714 1941 120 16.175 0.379967
 1.42874 714 1942 120 16.1833 0.38694
 1.43296 714 1943 120 16.1917 0.393612
 1.43721 714 1944 120 16.2 0.4
 1.4415 714 1945 120 16.2083 0.406116
 1.44584 714 1946 120 16.2167 0.411974
 1.45021 714 1947 120 16.225 0.417582
 1.45463 714 1948 120 16.2333 0.422953
 1.45909 714 1949 120 16.2417 0.428093
 1.46359 714 1950 120 16.25 0.433013
 1.46813 714 1951 120 16.2583 0.437718
 1.47273 714 1952 120 16.2667 0.442217
 1.47736 714 1953 120 16.275 0.446514
 1.48205 714 1954 120 16.2833 0.450617
 1.48678 714 1955 120 16.2917 0.45453
 1.49156 714 1956 120 16.3 0.458258
 1.4964 714 1957 120 16.3083 0.461805
 1.50128 714 1958 120 16.3167 0.465176
 1.50622 714 1959 120 16.325 0.468375
 1.5112 714 1960 120 16.3333 0.471405
 1.51625 714 1961 120 16.3417 0.474268
 1.52135 714 1962 120 16.35 0.47697
 1.52651 714 1963 120 16.3583 0.479511
 1.53172 714 1964 120 16.3667 0.481894
 1.537 714 1965 120 16.375 0.484123
 1.54233 714 1966 120 16.3833 0.486198
 1.54773 714 1967 120 16.3917 0.488123
 1.5532 714 1968 120 16.4 0.489898
 1.55873 714 1969 120 16.4083 0.491525
 1.56433 714 1970 120 16.4167 0.493007
 1.57 714 1971 120 16.425 0.494343
 1.57573 714 1972 120 16.4333 0.495536
 1.58155 714 1973 120 16.4417 0.496586
 1.58743 714 1974 120 16.45 0.497494
 1.5934 714 1975 120 16.4583 0.498261
 1.59944 714 1976 120 16.4667 0.498888
 1.60557 714 1977 120 16.475 0.499375
 1.61177 714 1978 120 16.4833 0.499722
 1.61807 714 1979 120 16.4917 0.499931
 1.62445 714 1980 120 16.5 0.5
 1.63092 714 1981 120 16.5083 0.499931
 1.63749 714 1982 120 16.5167 0.499722
 1.64416 714 1983 120 16.525 0.499375
 1.65092 714 1984 120 16.5333 0.498888
 1.65779 714 1985 120 16.5417 0.498261
 1.66476 714 1986 120 16.55 0.497494
 1.67184 714 1987 120 16.5583 0.496586
 1.67904 714 1988 120 16.5667 0.495536
 1.68635 714 1989 120 16.575 0.494343
 1.69378 714 1990 120 16.5833 0.493007
 1.70134 714 1991 120 16.5917 0.491525
 1.70903 714 1992 120 16.6 0.489898
 1.71685 714 1993 120 16.6083 0.488123
 1.72482 714 1994 120 16.6167 0.486198
 1.7305 715 1995 120 16.625 0.484123
 1.73875 715 1996 120 16.6333 0.481894
 1.74715 715 1997 120 16.6417 0.479511
 1.75326 716 1998 120 16.65 0.47697
 1.75952 717 1999 120 16.6583 0.474268
 1.76595 718 2000 120 16.6667 0.471405
 1.77253 719 2001 120 16.675 0.468375
 1.77929 720 2002 120 16.6833 0.465176
 1.78623 721 2003 120 16.6917 0.461805
 1.79336 722 2004 120 16.7 0.458258
 1.80069 723 2005 120 16.7083 0.45453
 1.80822 724 2006 120 16.7167 0.450617
 1.81597 725 2007 120 16.725 0.446514
 1.82395 726 2008 120 16.7333 0.442217
 1.83218 727 2009 120 16.7417 0.437718
 1.84066 728 2010 120 16.75 0.433013
 1.84941 729 2011 120 16.7583 0.428093
 1.85845 730 2012 120 16.7667 0.422953
 1.86779 731 2013 120 16.775 0.417582
 1.87746 732 2014 120 16.7833 0.411974
 1.88747 733 2015 120 16.7917 0.406116
 1.89785 734 2016 120 16.8 0.4
 1.90863 735 2017 120 16.8083 0.393612
 1.91983 736 2018 120 16.8167 0.38694
 1.93149 737 2019 120 16.825 0.379967
 1.94364 738 2020 120 16.8333 0.372678
 1.95633 739 2021 120 16.8417 0.365053
 1.96961 740 2022 120 16.85 0.357071
 1.98352 741 2023 120 16.8583 0.348708
 1.99814 742 2024 120 16.8667 0.339935
 2.01354 743 2025 120 16.875 0.330719
 2.02981 744 2026 120 16.8833 0.321023
 2.04704 745 2027 120 16.8917 0.310801
 2.06537 746 2028 120 16.9 0.3
 2.08495 747 2029 120 16.9083 0.288555
 2.10596 748 2030 120 16.9167 0.276385
 2.12866 749 2031 120 16.925 0.263391
 2.15334 750 2032 120 16.9333 0.249444
 2.18043 751 2033 120 16.9417 0.234373
 2.2105 752 2034 120 16.95 0.217945
 2.24439 753 2035 120 16.9583 0.199826
 2.28338 754 2036 120 16.9667 0.179505
 2.32966 755 2037 120 16.975 0.156125
 2.38754 756 2038 120 16.9833 0.128019
 2.46821 757 2039 120 16.9917 0.0909059
 2.69129 758 2040 120 17 0
 1.34912 758 2041 120 17.0083 0.0909059
 1.35263 758 2042 120 17.0167 0.128019
 1.35615 758 2043 120 17.025 0.156125
 1.35971 758 2044 120 17.0333 0.179505
 1.3633 758 2045 120 17.0417 0.199826
 1.36691 758 2046 120 17.05 0.217945
 1.37055 758 2047 120 17.0583 0.234373
 1.37422 758 2048 120 17.0667 0.249444
 1.37792 758 2049 120 17.075 0.263391
 1.38165 758 2050 120 17.0833 0.276385
 1.38541 758 2051 120 17.0917 0.288555
 1.38921 758 2052 120 17.1 0.3
 1.39303 758 2053 120 17.1083 0.310801
 1.39689 758 2054 120 17.1167 0.321023
 1.40078 758 2055 120 17.125 0.330719
 1.4047 758 2056 120 17.1333 0.339935
 1.40865 758 2057 120 17.1417 0.348708
 1.41265 758 2058 120 17.15 0.357071
 1.41667 758 2059 120 17.1583 0.365053
 1.42073 758 2060 120 17.1667 0.372678
 1.42483 758 2061 120 17.175 0.379967
 1.42897 758 2062 120 17.1833 0.38694
 1.43314 758 2063 120 17.1917 0.393612
 1.43735 758 2064 120 17.2 0.4
 1.4416 758 2065 120 17.2083 0.406116
 1.44589 758 2066 120 17.2167 0.411974
 1.45022 758 2067 120 17.225 0.417582
 1.4546 758 2068 120 17.2333 0.422953
 1.45901 758 2069 120 17.2417 0.428093
 1.46347 758 2070 120 17.25 0.433013
 1.46797 758 2071 120 17.2583 0.437718
 1.47252 758 2072 120 17.2667 0.442217
 1.47711 758 2073 120 17.275 0.446514
 1.48175 758 2074 120 17.2833 0.450617
 1.48644 758 2075 120 17.2917 0.45453
 1.49118 758 2076 120 17.3 0.458258
 1.49596 758 2077 120 17.3083 0.461805
 1.5008 758 2078 120 17.3167 0.465176
 1.50569 758 2079 120 17.325 0.468375
 1.51064 758 2080 120 17.3333 0.471405
 1.51563 758 2081 120 17.3417 0.474268
 1.52069 758 2082 120 17.35 0.47697
 1.5258 758 2083 120 17.3583 0.479511
 1.53096 758 2084 120 17.3667 0.481894
 1.53619 758 2085 120 17.375 0.484123
 1.54148 758 2086 120 17.3833 0.486198
 1.54683 758 2087 120 17.3917 0.488123
 1.55225 758 2088 120 17.4 0.489898
 1.55773 758 2089 120 17.4083 0.491525
 1.56328 758 2090 120 17.4167 0.493007
 1.5689 758 2091 120 17.425 0.494343
 1.57459 758 2092 120 17.4333 0.495536
 1.58035 758 2093 120 17.4417 0.496586
 1.58619 758 2094 120 17.45 0.497494
 1.5921 758 2095 120 17.4583 0.498261
 1.59809 758 2096 120 17.4667 0.498888
 1.60416 758 2097 120 17.475 0.499375
 1.61032 758 2098 120 17.4833 0.499722
 1.61656 758 2099 120 17.4917 0.499931
 1.62289 758 2100 120 17.5 0.5
 1.62931 758 2101 120 17.5083 0.499931
 1.63583 758 2102 120 17.5167 0.499722
 1.64244 758 2103 120 17.525 0.499375
 1.64915 758 2104 120 17.5333 0.498888
 1.65596 758 2105 120 17.5417 0.498261
 1.66287 758 2106 120 17.55 0.497494
 1.6699 758 2107 120 17.5583 0.496586
 1.67704 758 2108 120 17.5667 0.495536
 1.6843 758 2109 120 17.575 0.494343
 1.69167 758 2110 120 17.5833 0.493007
 1.69917 758 2111 120 17.5917 0.491525
 1.7068 758 2112 120 17.6 0.489898
 1.71457 758 2113 120 17.6083 0.488123
 1.72247 758 2114 120 17.6167 0.486198
 1.72824 759 2115 120 17.625 0.484123
 1.73642 759 2116 120 17.6333 0.481894
 1.74476 759 2117 120 17.6417 0.479511
 1.75096 760 2118 120 17.65 0.47697
 1.75731 761 2119 120 17.6583 0.474268
 1.76381 762 2120 120 17.6667 0.471405
 1.77048 763 2121 120 17.675 0.468375
 1.77733 764 2122 120 17.6833 0.465176
 1.78435 765 2123 120 17.6917 0.461805
 1.79157 766 2124 120 17.7 0.458258
 1.79898 767 2125 120 17.7083 0.45453
 1.8066 768 2126 120 17.7167 0.450617
 1.81443 769 2127 120 17.725 0.446514
 1.8225 770 2128 120 17.7333 0.442217
 1.83081 771 2129 120 17.7417 0.437718
 1.83938 772 2130 120 17.75 0.433013
 1.84822 773 2131 120 17.7583 0.428093
 1.85734 774 2132 120 17.7667 0.422953
 1.86677 775 2133 120 17.775 0.417582
 1.87653 776 2134 120 17.7833 0.411974
 1.88663 777 2135 120 17.7917 0.406116
 1.89709 778 2136 120 17.8 0.4
 1.90796 779 2137 120 17.8083 0.393612
 1.91925 780 2138 120 17.8167 0.38694
 1.931 781 2139 120 17.825 0.379967
 1.94325 782 2140 120 17.8333 0.372678
 1.95603 783 2141 120 17.8417 0.365053
 1.9694 784 2142 120 17.85 0.357071
 1.98341 785 2143 120 17.8583 0.348708
 1.99812 786 2144 120 17.8667 0.339935
 2.01362 787 2145 120 17.875 0.330719
 2.02998 788 2146 120 17.8833 0.321023
 2.04731 789 2147 120 17.8917 0.310801
 2.06574 790 2148 120 17.9 0.3
 2.08542 791 2149 120 17.9083 0.288555
 2.10654 792 2150 120 17.9167 0.276385
 2.12934 793 2151 120 17.925 0.263391
 2.15413 794 2152 120 17.9333 0.249444
 2.18133 795 2153 120 17.9417 0.234373
 2.21152 796 2154 120 17.95 0.217945
 2.24552 797 2155 120 17.9583 0.199826
 2.28464 798 2156 120 17.9667 0.179505
 2.33105 799 2157 120 17.975 0.156125
 2.38907 800 2158 120 17.9833 0.128019
 2.46991 801 2159 120 17.9917 0.0909059
 2.69327 802 2160 120 18 0
 1.35008 802 2161 120 18.0083 0.0909059
 1.35354 802 2162 120 18.0167 0.128019
 1.35704 802 2163 120 18.025 0.156125
 1.36056 802 2164 120 18.0333 0.179505
 1.36411 802 2165 120 18.0417 0.199826
 1.36769 802 2166 120 18.05 0.217945
 1.3713 802 2167 120 18.0583 0.234373
 1.37493 802 2168 120 18.0667 0.249444
 1.3786 802 2169 120 18.075 0.263391
 1.38229 802 2170 120 18.0833 0.276385
 1.38602 802 2171 120 18.0917 0.288555
 1.38977 802 2172 120 18.1 0.3
 1.39356 802 2173 120 18.1083 0.310801
 1.39738 802 2174 120 18.1167 0.321023
 1.40123 802 2175 120 18.125 0.330719
 1.40512 802 2176 120 18.1333 0.339935
 1.40904 802 2177 120 18.1417 0.348708
 1.41299 802 2178 120 18.15 0.357071
 1.41698 802 2179 120 18.1583 0.365053
 1.42101 802 2180 120 18.1667 0.372678
 1.42507 802 2181 120 18.175 0.379967
 1.42917 802 2182 120 18.1833 0.38694
 1.4333 802 2183 120 18.1917 0.393612
 1.43748 802 2184 120 18.2 0.4
 1.44169 802 2185 120 18.2083 0.406116
 1.44594 802 2186 120 18.2167 0.411974
 1.45023 802 2187 120 18.225 0.417582
 1.45457 802 2188 120 18.2333 0.422953
 1.45894 802 2189 120 18.2417 0.428093
 1.46336 802 2190 120 18.25 0.433013
 1.46783 802 2191 120 18.2583 0.437718
 1.47233 802 2192 120 18.2667 0.442217
 1.47689 802 2193 120 18.275 0.446514
 1.48149 802 2194 120 18.2833 0.450617
 1.48614 802 2195 120 18.2917 0.45453
 1.49083 802 2196 120 18.3 0.458258
 1.49558 802 2197 120 18.3083 0.461805
 1.50038 802 2198 120 18.3167 0.465176
 1.50523 802 2199 120 18.325 0.468375
 1.51013 802 2200 120 18.3333 0.471405
 1.51508 802 2201 120 18.3417 0.474268
 1.5201 802 2202 120 18.35 0.47697
 1.52516 802 2203 120 18.3583 0.479511
 1.53029 802 2204 120 18.3667 0.481894
 1.53548 802 2205 120 18.375 0.484123
 1.54072 802 2206 120 18.3833 0.486198
 1.54603 802 2207 120 18.3917 0.488123
 1.5514 802 2208 120 18.4 0.489898
 1.55684 802 2209 120 18.4083 0.491525
 1.56235 802 2210 120 18.4167 0.493007
 1.56792 802 2211 120 18.425 0.494343
 1.57357 802 2212 120 18.4333 0.495536
 1.57928 802 2213 120 18.4417 0.496586
 1.58508 802 2214 120 18.45 0.497494
 1.59094 802 2215 120 18.4583 0.498261
 1.59689 802 2216 120 18.4667 0.498888
 1.60292 802 2217 120 18.475 0.499375
 1.60903 802 2218 120 18.4833 0.499722
 1.61522 802 2219 120 18.4917 0.499931
 1.6215 802 2220 120 18.5 0.5
 1.62788 802 2221 120 18.5083 0.499931
 1.63434 802 2222 120 18.5167 0.499722
 1.6409 802 2223 120 18.525 0.499375
 1.64757 802 2224 120 18.5333 0.498888
 1.65433 802 2225 120 18.5417 0.498261
 1.6612 802 2226 120 18.55 0.497494
 1.66817 802 2227 120 18.5583 0.496586
 1.67526 802 2228 120 18.5667 0.495536
 1.68247 802 2229 120 18.575 0.494343
 1.68979 802 2230 120 18.5833 0.493007
 1.69724 802 2231 120 18.5917 0.491525
 1.70482 802 2232 120 18.6 0.489898
 1.71253 802 2233 120 18.6083 0.488123
 1.72038 802 2234 120 18.6167 0.486198
 1.72622 803 2235 120 18.625 0.484123
 1.73435 803 2236 120 18.6333 0.481894
 1.74264 803 2237 120 18.6417 0.479511
 1.74891 804 2238 120 18.65 0.47697
 1.75533 805 2239 120 18.6583 0.474268
 1.76191 806 2240 120 18.6667 0.471405
 1.76866 807 2241 120 18.675 0.468375
 1.77558 808 2242 120 18.6833 0.465176
 1.78268 809 2243 120 18.6917 0.461805
 1.78997 810 2244 120 18.7 0.458258
 1.79745 811 2245 120 18.7083 0.45453
 1.80515 812 2246 120 18.7167 0.450617
 1.81306 813 2247 120 18.725 0.446514
 1.8212 814 2248 120 18.7333 0.442217
 1.82959 815 2249 120 18.7417 0.437718
 1.83824 816 2250 120 18.75 0.433013
 1.84715 817 2251 120 18.7583 0.428093
 1.85635 818 2252 120 18.7667 0.422953
 1.86586 819 2253 120 18.775 0.417582
 1.87569 820 2254 120 18.7833 0.411974
 1.88587 821 2255 120 18.7917 0.406116
 1.89642 822 2256 120 18.8 0.4
 1.90737 823 2257 120 18.8083 0.393612
 1.91874 824 2258 120 18.8167 0.38694
 1.93057 825 2259 120 18.825 0.379967
 1.94289 826 2260 120 18.8333 0.372678
 1.95576 827 2261 120 18.8417 0.365053
 1.96921 828 2262 120 18.85 0.357071
 1.98331 829 2263 120 18.8583 0.348708
 1.99811 830 2264 120 18.8667 0.339935
 2.01369 831 2265 120 18.875 0.330719
 2.03013 832 2266 120 18.8833 0.321023
 2.04756 833 2267 120 18.8917 0.310801
 2.06607 834 2268 120 18.9 0.3
 2.08584 835 2269 120 18.9083 0.288555
 2.10706 836 2270 120 18.9167 0.276385
 2.12995 837 2271 120 18.925 0.263391
 2.15484 838 2272 120 18.9333 0.249444
 2.18214 839 2273 120 18.9417 0.234373
 2.21243 840 2274 120 18.95 0.217945
 2.24654 841 2275 120 18.9583 0.199826
 2.28577 842 2276 120 18.9667 0.179505
 2.3323 843 2277 120 18.975 0.156125
 2.39045 844 2278 120 18.9833 0.128019
 2.47143 845 2279 120 18.9917 0.0909059
 2.69504 846 2280 120 19 0
 1.35093 846 2281 120 19.0083 0.0909059
 1.35437 846 2282 120 19.0167 0.128019
 1.35783 846 2283 120 19.025 0.156125
 1.36132 846 2284 120 19.0333 0.179505
 1.36484 846 2285 120 19.0417 0.199826
 1.36839 846 2286 120 19.05 0.217945
 1.37196 846 2287 120 19.0583 0.234373
 1.37557 846 2288 120 19.0667 0.249444
 1.3792 846 2289 120 19.075 0.263391
 1.38286 846 2290 120 19.0833 0.276385
 1.38656 846 2291 120 19.0917 0.288555
 1.39028 846 2292 120 19.1 0.3
 1.39404 846 2293 120 19.1083 0.310801
 1.39783 846 2294 120 19.1167 0.321023
 1.40165 846 2295 120 19.125 0.330719
 1.4055 846 2296 120 19.1333 0.339935
 1.40939 846 2297 120 19.1417 0.348708
 1.41331 846 2298 120 19.15 0.357071
 1.41726 846 2299 120 19.1583 0.365053
 1.42125 846 2300 120 19.1667 0.372678
 1.42528 846 2301 120 19.175 0.379967
 1.42935 846 2302 120 19.1833 0.38694
 1.43345 846 2303 120 19.1917 0.393612
 1.43759 846 2304 120 19.2 0.4
 1.44177 846 2305 120 19.2083 0.406116
 1.44598 846 2306 120 19.2167 0.411974
 1.45024 846 2307 120 19.225 0.417582
 1.45454 846 2308 120 19.2333 0.422953
 1.45888 846 2309 120 19.2417 0.428093
 1.46327 846 2310 120 19.25 0.433013
 1.4677 846 2311 120 19.2583 0.437718
 1.47217 846 2312 120 19.2667 0.442217
 1.47669 846 2313 120 19.275 0.446514
 1.48125 846 2314 120 19.2833 0.450617
 1.48586 846 2315 120 19.2917 0.45453
 1.49053 846 2316 120 19.3 0.458258
 1.49524 846 2317 120 19.3083 0.461805
 1.5 846 2318 120 19.3167 0.465176
 1.50481 846 2319 120 19.325 0.468375
 1.50967 846 2320 120 19.3333 0.471405
 1.51459 846 2321 120 19.3417 0.474268
 1.51957 846 2322 120 19.35 0.47697
 1.5246 846 2323 120 19.3583 0.479511
 1.52969 846 2324 120 19.3667 0.481894
 1.53483 846 2325 120 19.375 0.484123
 1.54004 846 2326 120 19.3833 0.486198
 1.54531 846 2327 120 19.3917 0.488123
 1.55065 846 2328 120 19.4 0.489898
 1.55605 846 2329 120 19.4083 0.491525
 1.56151 846 2330 120 19.4167 0.493007
 1.56705 846 2331 120 19.425 0.494343
 1.57265 846 2332 120 19.4333 0.495536
 1.57833 846 2333 120 19.4417 0.496586
 1.58408 846 2334 120 19.45 0.497494
 1.58991 846 2335 120 19.4583 0.498261
 1.59581 846 2336 120 19.4667 0.498888
 1.6018 846 2337 120 19.475 0.499375
 1.60787 846 2338 120 19.4833 0.499722
 1.61402 846 2339 120 19.4917 0.499931
 1.62026 846 2340 120 19.5 0.5
 1.62659 846 2341 120 19.5083 0.499931
 1.63301 846 2342 120 19.5167 0.499722
 1.63953 846 2343 120 19.525 0.499375
 1.64615 846 2344 120 19.5333 0.498888
 1.65287 846 2345 120 19.5417 0.498261
 1.65969 846 2346 120 19.55 0.497494
 1.66663 846 2347 120 19.5583 0.496586
 1.67367 846 2348 120 19.5667 0.495536
 1.68083 846 2349 120 19.575 0.494343
 1.68811 846 2350 120 19.5833 0.493007
 1.69551 846 2351 120 19.5917 0.491525
 1.70304 846 2352 120 19.6 0.489898
 1.71071 846 2353 120 19.6083 0.488123
 1.71851 846 2354 120 19.6167 0.486198
 1.72442 847 2355 120 19.625 0.484123
 1.7325 847 2356 120 19.6333 0.481894
 1.74074 847 2357 120 19.6417 0.479511
 1.74708 848 2358 120 19.65 0.47697
 1.75356 849 2359 120 19.6583 0.474268
 1.76021 850 2360 120 19.6667 0.471405
 1.76702 851 2361 120 19.675 0.468375
 1.77401 852 2362 120 19.6833 0.465176
 1.78118 853 2363 120 19.6917 0.461805
 1.78853 854 2364 120 19.7 0.458258
 1.79609 855 2365 120 19.7083 0.45453
 1.80385 856 2366 120 19.7167 0.450617
 1.81183 857 2367 120 19.725 0.446514
 1.82004 858 2368 120 19.7333 0.442217
 1.8285 859 2369 120 19.7417 0.437718
 1.83721 860 2370 120 19.75 0.433013
 1.84619 861 2371 120 19.7583 0.428093
 1.85547 862 2372 120 19.7667 0.422953
 1.86504 863 2373 120 19.775 0.417582
 1.87495 864 2374 120 19.7833 0.411974
 1.88519 865 2375 120 19.7917 0.406116
 1.89581 866 2376 120 19.8 0.4
 1.90683 867 2377 120 19.8083 0.393612
 1.91828 868 2378 120 19.8167 0.38694
 1.93018 869 2379 120 19.825 0.379967
 1.94258 870 2380 120 19.8333 0.372678
 1.95552 871 2381 120 19.8417 0.365053
 1.96904 872 2382 120 19.85 0.357071
 1.98321 873 2383 120 19.8583 0.348708
 1.99809 874 2384 120 19.8667 0.339935
 2.01375 875 2385 120 19.875 0.330719
 2.03027 876 2386 120 19.8833 0.321023
 2.04777 877 2387 120 19.8917 0.310801
 2.06637 878 2388 120 19.9 0.3
 2.08623 879 2389 120 19.9083 0.288555
 2.10752 880 2390 120 19.9167 0.276385
 2.1305 881 2391 120 19.925 0.263391
 2.15548 882 2392 120 19.9333 0.249444
 2.18287 883 2393 120 19.9417 0.234373
 2.21325 884 2394 120 19.95 0.217945
 2.24745 885 2395 120 19.9583 0.199826
 2.28678 886 2396 120 19.9667 0.179505
 2.33342 887 2397 120 19.975 0.156125
 2.39169 888 2398 120 19.9833 0.128019
 2.4728 889 2399 120 19.9917 0.0909059
 2.69663 890 2400 120 20 0
20 890 2400
