 0.5 1 1 120 0.00833333 0.0909059
 1 1 2 120 0.0166667 0.128019
 1.5 1 3 120 0.025 0.156125
 2 1 4 120 0.0333333 0.179505
 1.25 2 5 120 0.0416667 0.199826
 1.5 2 6 120 0.05 0.217945
 1.75 2 7 120 0.0583333 0.234373
 2 2 8 120 0.0666667 0.249444
 1.5 3 9 120 0.075 0.263391
 1.66667 3 10 120 0.0833333 0.276385
 1.83333 3 11 120 0.0916667 0.288555
 2 3 12 120 0.1 0.3
 2.16667 3 13 120 0.108333 0.310801
 2.33333 3 14 120 0.116667 0.321023
 1.875 4 15 120 0.125 0.330719
 2 4 16 120 0.133333 0.339935
 2.125 4 17 120 0.141667 0.348708
 2.25 4 18 120 0.15 0.357071
 2.375 4 19 120 0.158333 0.365053
 2.5 4 20 120 0.166667 0.372678
 2.625 4 21 120 0.175 0.379967
 2.75 4 22 120 0.183333 0.38694
 2.875 4 23 120 0.191667 0.393612
 2.4 5 24 120 0.2 0.4
 2.5 5 25 120 0.208333 0.406116
 2.6 5 26 120 0.216667 0.411974
 2.7 5 27 120 0.225 0.417582
 2.8 5 28 120 0.233333 0.422953
 2.9 5 29 120 0.241667 0.428093
 2.5 6 30 120 0.25 0.433013
 2.58333 6 31 120 0.258333 0.437718
 2.66667 6 32 120 0.266667 0.442217
 2.75 6 33 120 0.275 0.446514
 2.83333 6 34 120 0.283333 0.450617
 2.91667 6 35 120 0.291667 0.45453
 2.57143 7 36 120 0.3 0.458258
 2.64286 7 37 120 0.308333 0.461805
 2.71429 7 38 120 0.316667 0.465176
 2.78571 7 39 120 0.325 0.468375
 2.5 8 40 120 0.333333 0.471405
 2.5625 8 41 120 0.341667 0.474268
 2.625 8 42 120 0.35 0.47697
 2.6875 8 43 120 0.358333 0.479511
 2.75 8 44 120 0.366667 0.481894
 2.5 9 45 120 0.375 0.484123
 2.55556 9 46 120 0.383333 0.486198
 2.61111 9 47 120 0.391667 0.488123
 2.66667 9 48 120 0.4 0.489898
 2.45 10 49 120 0.408333 0.491525
 2.5 10 50 120 0.416667 0.493007
 2.55 10 51 120 0.425 0.494343
 2.6 10 52 120 0.433333 0.495536
 2.40909 11 53 120 0.441667 0.496586
 2.45455 11 54 120 0.45 0.497494
 2.5 11 55 120 0.458333 0.498261
 2.54545 11 56 120 0.466667 0.498888
 2.59091 11 57 120 0.475 0.499375
 2.41667 12 58 120 0.483333 0.499722
 2.45833 12 59 120 0.491667 0.499931
 2.5 12 60 120 0.5 0.5
 2.34615 13 61 120 0.508333 0.499931
 2.38462 13 62 120 0.516667 0.499722
 2.42308 13 63 120 0.525 0.499375
 2.46154 13 64 120 0.533333 0.498888
 2.32143 14 65 120 0.541667 0.498261
 2.35714 14 66 120 0.55 0.497494
 2.39286 14 67 120 0.558333 0.496586
 2.26667 15 68 120 0.566667 0.495536
 2.3 15 69 120 0.575 0.494343
 2.33333 15 70 120 0.583333 0.493007
 2.21875 16 71 120 0.591667 0.491525
 2.25 16 72 120 0.6 0.489898
 2.28125 16 73 120 0.608333 0.488123
 2.17647 17 74 120 0.616667 0.486198
 2.20588 17 75 120 0.625 0.484123
 2.23529 17 76 120 0.633333 0.481894
 2.13889 18 77 120 0.641667 0.479511
 2.16667 18 78 120 0.65 0.47697
 2.07895 19 79 120 0.658333 0.474268
 2.10526 19 80 120 0.666667 0.471405
 2.13158 19 81 120 0.675 0.468375
 2.05 20 82 120 0.683333 0.465176
 2.075 20 83 120 0.691667 0.461805
 2 21 84 120 0.7 0.458258
 2.02381 21 85 120 0.708333 0.45453
 1.95455 22 86 120 0.716667 0.450617
 1.97727 22 87 120 0.725 0.446514
 2 22 88 120 0.733333 0.442217
 1.93478 23 89 120 0.741667 0.437718
 1.95652 23 90 120 0.75 0.433013
 1.89583 24 91 120 0.758333 0.428093
 1.91667 24 92 120 0.766667 0.422953
 1.86 25 93 120 0.775 0.417582
 1.80769 26 94 120 0.783333 0.411974
 1.75926 27 95 120 0.791667 0.406116
 1.71429 28 96 120 0.8 0.4
 1.67241 29 97 120 0.808333 0.393612
 1.63333 30 98 120 0.816667 0.38694
 1.59677 31 99 120 0.825 0.379967
 1.5625 32 100 120 0.833333 0.372678
 1.5303 33 101 120 0.841667 0.365053
 1.5 34 102 120 0.85 0.357071
 1.47143 35 103 120 0.858333 0.348708
 1.44444 36 104 120 0.866667 0.339935
 1.41892 37 105 120 0.875 0.330719
 1.39474 38 106 120 0.883333 0.321023
 1.40789 38 107 120 0.891667 0.310801
 1.38462 39 108 120 0.9 0.3
 1.3625 40 109 120 0.908333 0.288555
 1.34146 41 110 120 0.916667 0.276385
 1.32143 42 111 120 0.925 0.263391
 1.30233 43 112 120 0.933333 0.249444
 1.28409 44 113 120 0.941667 0.234373
 1.26667 45 114 120 0.95 0.217945
 1.25 46 115 120 0.958333 0.199826
 1.23404 47 116 120 0.966667 0.179505
 1.21875 48 117 120 0.975 0.156125
 1.20408 49 118 120 0.983333 0.128019
 1.19 50 119 120 0.991667 0.0909059
 2.35294 51 120 120 1 0
 1.18627 51 121 120 1.00833 0.0909059
 1.19608 51 122 120 1.01667 0.128019
 1.20588 51 123 120 1.025 0.156125
 1.21569 51 124 120 1.03333 0.179505
 1.22549 51 125 120 1.04167 0.199826
 1.23529 51 126 120 1.05 0.217945
 1.2451 51 127 120 1.05833 0.234373
 1.2549 51 128 120 1.06667 0.249444
 1.26471 51 129 120 1.075 0.263391
 1.27451 51 130 120 1.08333 0.276385
 1.28431 51 131 120 1.09167 0.288555
 1.29412 51 132 120 1.1 0.3
 1.30392 51 133 120 1.10833 0.310801
 1.31373 51 134 120 1.11667 0.321023
 1.32353 51 135 120 1.125 0.330719
 1.33333 51 136 120 1.13333 0.339935
 1.34314 51 137 120 1.14167 0.348708
 1.35294 51 138 120 1.15 0.357071
 1.36275 51 139 120 1.15833 0.365053
 1.37255 51 140 120 1.16667 0.372678
 1.38235 51 141 120 1.175 0.379967
 1.39216 51 142 120 1.18333 0.38694
 1.40196 51 143 120 1.19167 0.393612
 1.41176 51 144 120 1.2 0.4
 1.42157 51 145 120 1.20833 0.406116
 1.43137 51 146 120 1.21667 0.411974
 1.44118 51 147 120 1.225 0.417582
 1.45098 51 148 120 1.23333 0.422953
 1.46078 51 149 120 1.24167 0.428093
 1.47059 51 150 120 1.25 0.433013
 1.48039 51 151 120 1.25833 0.437718
 1.4902 51 152 120 1.26667 0.442217
 1.5 51 153 120 1.275 0.446514
 1.5098 51 154 120 1.28333 0.450617
 1.51961 51 155 120 1.29167 0.45453
 1.52941 51 156 120 1.3 0.458258
 1.53922 51 157 120 1.30833 0.461805
 1.54902 51 158 120 1.31667 0.465176
 1.55882 51 159 120 1.325 0.468375
 1.56863 51 160 120 1.33333 0.471405
 1.57843 51 161 120 1.34167 0.474268
 1.58824 51 162 120 1.35 0.47697
 1.59804 51 163 120 1.35833 0.479511
 1.60784 51 164 120 1.36667 0.481894
 1.61765 51 165 120 1.375 0.484123
 1.62745 51 166 120 1.38333 0.486198
 1.63725 51 167 120 1.39167 0.488123
 1.64706 51 168 120 1.4 0.489898
 1.65686 51 169 120 1.40833 0.491525
 1.66667 51 170 120 1.41667 0.493007
 1.67647 51 171 120 1.425 0.494343
 1.68627 51 172 120 1.43333 0.495536
 1.69608 51 173 120 1.44167 0.496586
 1.70588 51 174 120 1.45 0.497494
 1.71569 51 175 120 1.45833 0.498261
 1.72549 51 176 120 1.46667 0.498888
 1.73529 51 177 120 1.475 0.499375
 1.7451 51 178 120 1.48333 0.499722
 1.7549 51 179 120 1.49167 0.499931
 1.73077 52 180 120 1.5 0.5
 1.74038 52 181 120 1.50833 0.499931
 1.75 52 182 120 1.51667 0.499722
 1.75962 52 183 120 1.525 0.499375
 1.73585 53 184 120 1.53333 0.498888
 1.74528 53 185 120 1.54167 0.498261
 1.75472 53 186 120 1.55 0.497494
 1.73148 54 187 120 1.55833 0.496586
 1.74074 54 188 120 1.56667 0.495536
 1.71818 55 189 120 1.575 0.494343
 1.72727 55 190 120 1.58333 0.493007
 1.70536 56 191 120 1.59167 0.491525
 1.71429 56 192 120 1.6 0.489898
 1.69298 57 193 120 1.60833 0.488123
 1.70175 57 194 120 1.61667 0.486198
 1.68103 58 195 120 1.625 0.484123
 1.68966 58 196 120 1.63333 0.481894
 1.69828 58 197 120 1.64167 0.479511
 1.67797 59 198 120 1.65 0.47697
 1.68644 59 199 120 1.65833 0.474268
 1.66667 60 200 120 1.66667 0.471405
 1.675 60 201 120 1.675 0.468375
 1.65574 61 202 120 1.68333 0.465176
 1.66393 61 203 120 1.69167 0.461805
 1.64516 62 204 120 1.7 0.458258
 1.65323 62 205 120 1.70833 0.45453
 1.63492 63 206 120 1.71667 0.450617
 1.61719 64 207 120 1.725 0.446514
 1.6 65 208 120 1.73333 0.442217
 1.58333 66 209 120 1.74167 0.437718
 1.56716 67 210 120 1.75 0.433013
 1.55147 68 211 120 1.75833 0.428093
 1.53623 69 212 120 1.76667 0.422953
 1.52143 70 213 120 1.775 0.417582
 1.50704 71 214 120 1.78333 0.411974
 1.51408 71 215 120 1.79167 0.406116
 1.5 72 216 120 1.8 0.4
 1.4863 73 217 120 1.80833 0.393612
 1.47297 74 218 120 1.81667 0.38694
 1.46 75 219 120 1.825 0.379967
 1.44737 76 220 120 1.83333 0.372678
 1.43506 77 221 120 1.84167 0.365053
 1.42308 78 222 120 1.85 0.357071
 1.41139 79 223 120 1.85833 0.348708
 1.4 80 224 120 1.86667 0.339935
 1.38889 81 225 120 1.875 0.330719
 1.37805 82 226 120 1.88333 0.321023
 1.36747 83 227 120 1.89167 0.310801
 1.35714 84 228 120 1.9 0.3
 1.34706 85 229 120 1.90833 0.288555
 1.33721 86 230 120 1.91667 0.276385
 1.32759 87 231 120 1.925 0.263391
 1.31818 88 232 120 1.93333 0.249444
 1.30899 89 233 120 1.94167 0.234373
 1.3 90 234 120 1.95 0.217945
 1.29121 91 235 120 1.95833 0.199826
 1.28261 92 236 120 1.96667 0.179505
 1.27419 93 237 120 1.975 0.156125
 1.26596 94 238 120 1.98333 0.128019
 1.25789 95 239 120 1.99167 0.0909059
 2.5 96 240 120 2 0
 1.25521 96 241 120 2.00833 0.0909059
 1.26042 96 242 120 2.01667 0.128019
 1.26562 96 243 120 2.025 0.156125
 1.27083 96 244 120 2.03333 0.179505
 1.27604 96 245 120 2.04167 0.199826
 1.28125 96 246 120 2.05 0.217945
 1.28646 96 247 120 2.05833 0.234373
 1.29167 96 248 120 2.06667 0.249444
 1.29688 96 249 120 2.075 0.263391
 1.30208 96 250 120 2.08333 0.276385
 1.30729 96 251 120 2.09167 0.288555
 1.3125 96 252 120 2.1 0.3
 1.31771 96 253 120 2.10833 0.310801
 1.32292 96 254 120 2.11667 0.321023
 1.32812 96 255 120 2.125 0.330719
 1.33333 96 256 120 2.13333 0.339935
 1.33854 96 257 120 2.14167 0.348708
 1.34375 96 258 120 2.15 0.357071
 1.34896 96 259 120 2.15833 0.365053
 1.35417 96 260 120 2.16667 0.372678
 1.35938 96 261 120 2.175 0.379967
 1.36458 96 262 120 2.18333 0.38694
 1.36979 96 263 120 2.19167 0.393612
 1.375 96 264 120 2.2 0.4
 1.38021 96 265 120 2.20833 0.406116
 1.38542 96 266 120 2.21667 0.411974
 1.39062 96 267 120 2.225 0.417582
 1.39583 96 268 120 2.23333 0.422953
 1.40104 96 269 120 2.24167 0.428093
 1.40625 96 270 120 2.25 0.433013
 1.41146 96 271 120 2.25833 0.437718
 1.41667 96 272 120 2.26667 0.442217
 1.42188 96 273 120 2.275 0.446514
 1.42708 96 274 120 2.28333 0.450617
 1.43229 96 275 120 2.29167 0.45453
 1.4375 96 276 120 2.3 0.458258
 1.44271 96 277 120 2.30833 0.461805
 1.44792 96 278 120 2.31667 0.465176
 1.45312 96 279 120 2.325 0.468375
 1.45833 96 280 120 2.33333 0.471405
 1.46354 96 281 120 2.34167 0.474268
 1.46875 96 282 120 2.35 0.47697
 1.47396 96 283 120 2.35833 0.479511
 1.47917 96 284 120 2.36667 0.481894
 1.48438 96 285 120 2.375 0.484123
 1.48958 96 286 120 2.38333 0.486198
 1.49479 96 287 120 2.39167 0.488123
 1.5 96 288 120 2.4 0.489898
 1.50521 96 289 120 2.40833 0.491525
 1.51042 96 290 120 2.41667 0.493007
 1.51562 96 291 120 2.425 0.494343
 1.52083 96 292 120 2.43333 0.495536
 1.52604 96 293 120 2.44167 0.496586
 1.53125 96 294 120 2.45 0.497494
 1.53646 96 295 120 2.45833 0.498261
 1.54167 96 296 120 2.46667 0.498888
 1.54688 96 297 120 2.475 0.499375
 1.55208 96 298 120 2.48333 0.499722
 1.55729 96 299 120 2.49167 0.499931
 1.5625 96 300 120 2.5 0.5
 1.56771 96 301 120 2.50833 0.499931
 1.57292 96 302 120 2.51667 0.499722
 1.57812 96 303 120 2.525 0.499375
 1.56701 97 304 120 2.53333 0.498888
 1.57216 97 305 120 2.54167 0.498261
 1.57732 97 306 120 2.55 0.497494
 1.56633 98 307 120 2.55833 0.496586
 1.57143 98 308 120 2.56667 0.495536
 1.57653 98 309 120 2.575 0.494343
 1.58163 98 310 120 2.58333 0.493007
 1.57071 99 311 120 2.59167 0.491525
 1.57576 99 312 120 2.6 0.489898
 1.565 100 313 120 2.60833 0.488123
 1.57 100 314 120 2.61667 0.486198
 1.55941 101 315 120 2.625 0.484123
 1.56436 101 316 120 2.63333 0.481894
 1.55392 102 317 120 2.64167 0.479511
 1.55882 102 318 120 2.65 0.47697
 1.54854 103 319 120 2.65833 0.474268
 1.53846 104 320 120 2.66667 0.471405
 1.54327 104 321 120 2.675 0.468375
 1.53333 105 322 120 2.68333 0.465176
 1.5381 105 323 120 2.69167 0.461805
 1.5283 106 324 120 2.7 0.458258
 1.53302 106 325 120 2.70833 0.45453
 1.52336 107 326 120 2.71667 0.450617
 1.51389 108 327 120 2.725 0.446514
 1.50459 109 328 120 2.73333 0.442217
 1.49545 110 329 120 2.74167 0.437718
 1.48649 111 330 120 2.75 0.433013
 1.47768 112 331 120 2.75833 0.428093
 1.46903 113 332 120 2.76667 0.422953
 1.46053 114 333 120 2.775 0.417582
 1.45217 115 334 120 2.78333 0.411974
 1.44397 116 335 120 2.79167 0.406116
 1.4359 117 336 120 2.8 0.4
 1.42797 118 337 120 2.80833 0.393612
 1.42017 119 338 120 2.81667 0.38694
 1.4125 120 339 120 2.825 0.379967
 1.40496 121 340 120 2.83333 0.372678
 1.39754 122 341 120 2.84167 0.365053
 1.39024 123 342 120 2.85 0.357071
 1.38306 124 343 120 2.85833 0.348708
 1.376 125 344 120 2.86667 0.339935
 1.36905 126 345 120 2.875 0.330719
 1.3622 127 346 120 2.88333 0.321023
 1.35547 128 347 120 2.89167 0.310801
 1.34884 129 348 120 2.9 0.3
 1.34231 130 349 120 2.90833 0.288555
 1.33588 131 350 120 2.91667 0.276385
 1.32955 132 351 120 2.925 0.263391
 1.32331 133 352 120 2.93333 0.249444
 1.31716 134 353 120 2.94167 0.234373
 1.31111 135 354 120 2.95 0.217945
 1.30515 136 355 120 2.95833 0.199826
 1.29927 137 356 120 2.96667 0.179505
 1.29348 138 357 120 2.975 0.156125
 1.28777 139 358 120 2.98333 0.128019
 1.28214 140 359 120 2.99167 0.0909059
 2.55319 141 360 120 3 0
 1.28014 141 361 120 3.00833 0.0909059
 1.28369 141 362 120 3.01667 0.128019
 1.28723 141 363 120 3.025 0.156125
 1.29078 141 364 120 3.03333 0.179505
 1.29433 141 365 120 3.04167 0.199826
 1.29787 141 366 120 3.05 0.217945
 1.30142 141 367 120 3.05833 0.234373
 1.30496 141 368 120 3.06667 0.249444
 1.30851 141 369 120 3.075 0.263391
 1.31206 141 370 120 3.08333 0.276385
 1.3156 141 371 120 3.09167 0.288555
 1.31915 141 372 120 3.1 0.3
 1.3227 141 373 120 3.10833 0.310801
 1.32624 141 374 120 3.11667 0.321023
 1.32979 141 375 120 3.125 0.330719
 1.33333 141 376 120 3.13333 0.339935
 1.33688 141 377 120 3.14167 0.348708
 1.34043 141 378 120 3.15 0.357071
 1.34397 141 379 120 3.15833 0.365053
 1.34752 141 380 120 3.16667 0.372678
 1.35106 141 381 120 3.175 0.379967
 1.35461 141 382 120 3.18333 0.38694
 1.35816 141 383 120 3.19167 0.393612
 1.3617 141 384 120 3.2 0.4
 1.36525 141 385 120 3.20833 0.406116
 1.36879 141 386 120 3.21667 0.411974
 1.37234 141 387 120 3.225 0.417582
 1.37589 141 388 120 3.23333 0.422953
 1.37943 141 389 120 3.24167 0.428093
 1.38298 141 390 120 3.25 0.433013
 1.38652 141 391 120 3.25833 0.437718
 1.39007 141 392 120 3.26667 0.442217
 1.39362 141 393 120 3.275 0.446514
 1.39716 141 394 120 3.28333 0.450617
 1.40071 141 395 120 3.29167 0.45453
 1.40426 141 396 120 3.3 0.458258
 1.4078 141 397 120 3.30833 0.461805
 1.41135 141 398 120 3.31667 0.465176
 1.41489 141 399 120 3.325 0.468375
 1.41844 141 400 120 3.33333 0.471405
 1.42199 141 401 120 3.34167 0.474268
 1.42553 141 402 120 3.35 0.47697
 1.42908 141 403 120 3.35833 0.479511
 1.43262 141 404 120 3.36667 0.481894
 1.43617 141 405 120 3.375 0.484123
 1.43972 141 406 120 3.38333 0.486198
 1.44326 141 407 120 3.39167 0.488123
 1.44681 141 408 120 3.4 0.489898
 1.45035 141 409 120 3.40833 0.491525
 1.4539 141 410 120 3.41667 0.493007
 1.45745 141 411 120 3.425 0.494343
 1.46099 141 412 120 3.43333 0.495536
 1.46454 141 413 120 3.44167 0.496586
 1.46809 141 414 120 3.45 0.497494
 1.47163 141 415 120 3.45833 0.498261
 1.47518 141 416 120 3.46667 0.498888
 1.47872 141 417 120 3.475 0.499375
 1.48227 141 418 120 3.48333 0.499722
 1.48582 141 419 120 3.49167 0.499931
 1.48936 141 420 120 3.5 0.5
 1.49291 141 421 120 3.50833 0.499931
 1.49645 141 422 120 3.51667 0.499722
 1.5 141 423 120 3.525 0.499375
 1.50355 141 424 120 3.53333 0.498888
 1.50709 141 425 120 3.54167 0.498261
 1.51064 141 426 120 3.55 0.497494
 1.51418 141 427 120 3.55833 0.496586
 1.50704 142 428 120 3.56667 0.495536
 1.51056 142 429 120 3.575 0.494343
 1.51408 142 430 120 3.58333 0.493007
 1.50699 143 431 120 3.59167 0.491525
 1.51049 143 432 120 3.6 0.489898
 1.51399 143 433 120 3.60833 0.488123
 1.50694 144 434 120 3.61667 0.486198
 1.51042 144 435 120 3.625 0.484123
 1.50345 145 436 120 3.63333 0.481894
 1.49658 146 437 120 3.64167 0.479511
 1.4898 147 438 120 3.65 0.47697
 1.48311 148 439 120 3.65833 0.474268
 1.48649 148 440 120 3.66667 0.471405
 1.47987 149 441 120 3.675 0.468375
 1.48322 149 442 120 3.68333 0.465176
 1.47667 150 443 120 3.69167 0.461805
 1.48 150 444 120 3.7 0.458258
 1.47351 151 445 120 3.70833 0.45453
 1.46711 152 446 120 3.71667 0.450617
 1.46078 153 447 120 3.725 0.446514
 1.45455 154 448 120 3.73333 0.442217
 1.44839 155 449 120 3.74167 0.437718
 1.44231 156 450 120 3.75 0.433013
 1.43631 157 451 120 3.75833 0.428093
 1.43038 158 452 120 3.76667 0.422953
 1.42453 159 453 120 3.775 0.417582
 1.41875 160 454 120 3.78333 0.411974
 1.41304 161 455 120 3.79167 0.406116
 1.40741 162 456 120 3.8 0.4
 1.40184 163 457 120 3.80833 0.393612
 1.39634 164 458 120 3.81667 0.38694
 1.39091 165 459 120 3.825 0.379967
 1.38554 166 460 120 3.83333 0.372678
 1.38024 167 461 120 3.84167 0.365053
 1.375 168 462 120 3.85 0.357071
 1.36982 169 463 120 3.85833 0.348708
 1.36471 170 464 120 3.86667 0.339935
 1.35965 171 465 120 3.875 0.330719
 1.35465 172 466 120 3.88333 0.321023
 1.34971 173 467 120 3.89167 0.310801
 1.34483 174 468 120 3.9 0.3
 1.34 175 469 120 3.90833 0.288555
 1.33523 176 470 120 3.91667 0.276385
 1.33051 177 471 120 3.925 0.263391
 1.32584 178 472 120 3.93333 0.249444
 1.32123 179 473 120 3.94167 0.234373
 1.31667 180 474 120 3.95 0.217945
 1.31215 181 475 120 3.95833 0.199826
 1.30769 182 476 120 3.96667 0.179505
 1.30328 183 477 120 3.975 0.156125
 1.29891 184 478 120 3.98333 0.128019
 1.29459 185 479 120 3.99167 0.0909059
 2.58065 186 480 120 4 0
 1.29301 186 481 120 4.00833 0.0909059
 1.2957 186 482 120 4.01667 0.128019
 1.29839 186 483 120 4.025 0.156125
 1.30108 186 484 120 4.03333 0.179505
 1.30376 186 485 120 4.04167 0.199826
 1.30645 186 486 120 4.05 0.217945
 1.30914 186 487 120 4.05833 0.234373
 1.31183 186 488 120 4.06667 0.249444
 1.31452 186 489 120 4.075 0.263391
 1.3172 186 490 120 4.08333 0.276385
 1.31989 186 491 120 4.09167 0.288555
 1.32258 186 492 120 4.1 0.3
 1.32527 186 493 120 4.10833 0.310801
 1.32796 186 494 120 4.11667 0.321023
 1.33065 186 495 120 4.125 0.330719
 1.33333 186 496 120 4.13333 0.339935
 1.33602 186 497 120 4.14167 0.348708
 1.33871 186 498 120 4.15 0.357071
 1.3414 186 499 120 4.15833 0.365053
 1.34409 186 500 120 4.16667 0.372678
 1.34677 186 501 120 4.175 0.379967
 1.34946 186 502 120 4.18333 0.38694
 1.35215 186 503 120 4.19167 0.393612
 1.35484 186 504 120 4.2 0.4
 1.35753 186 505 120 4.20833 0.406116
 1.36022 186 506 120 4.21667 0.411974
 1.3629 186 507 120 4.225 0.417582
 1.36559 186 508 120 4.23333 0.422953
 1.36828 186 509 120 4.24167 0.428093
 1.37097 186 510 120 4.25 0.433013
 1.37366 186 511 120 4.25833 0.437718
 1.37634 186 512 120 4.26667 0.442217
 1.37903 186 513 120 4.275 0.446514
 1.38172 186 514 120 4.28333 0.450617
 1.38441 186 515 120 4.29167 0.45453
 1.3871 186 516 120 4.3 0.458258
 1.38978 186 517 120 4.30833 0.461805
 1.39247 186 518 120 4.31667 0.465176
 1.39516 186 519 120 4.325 0.468375
 1.39785 186 520 120 4.33333 0.471405
 1.40054 186 521 120 4.34167 0.474268
 1.40323 186 522 120 4.35 0.47697
 1.40591 186 523 120 4.35833 0.479511
 1.4086 186 524 120 4.36667 0.481894
 1.41129 186 525 120 4.375 0.484123
 1.41398 186 526 120 4.38333 0.486198
 1.41667 186 527 120 4.39167 0.488123
 1.41935 186 528 120 4.4 0.489898
 1.42204 186 529 120 4.40833 0.491525
 1.42473 186 530 120 4.41667 0.493007
 1.42742 186 531 120 4.425 0.494343
 1.43011 186 532 120 4.43333 0.495536
 1.4328 186 533 120 4.44167 0.496586
 1.43548 186 534 120 4.45 0.497494
 1.43817 186 535 120 4.45833 0.498261
 1.44086 186 536 120 4.46667 0.498888
 1.44355 186 537 120 4.475 0.499375
 1.44624 186 538 120 4.48333 0.499722
 1.44892 186 539 120 4.49167 0.499931
 1.45161 186 540 120 4.5 0.5
 1.4543 186 541 120 4.50833 0.499931
 1.45699 186 542 120 4.51667 0.499722
 1.45968 186 543 120 4.525 0.499375
 1.46237 186 544 120 4.53333 0.498888
 1.46505 186 545 120 4.54167 0.498261
 1.46774 186 546 120 4.55 0.497494
 1.47043 186 547 120 4.55833 0.496586
 1.47312 186 548 120 4.56667 0.495536
 1.46791 187 549 120 4.575 0.494343
 1.47059 187 550 120 4.58333 0.493007
 1.47326 187 551 120 4.59167 0.491525
 1.46809 188 552 120 4.6 0.489898
 1.47074 188 553 120 4.60833 0.488123
 1.4734 188 554 120 4.61667 0.486198
 1.47606 188 555 120 4.625 0.484123
 1.4709 189 556 120 4.63333 0.481894
 1.46579 190 557 120 4.64167 0.479511
 1.46073 191 558 120 4.65 0.47697
 1.46335 191 559 120 4.65833 0.474268
 1.45833 192 560 120 4.66667 0.471405
 1.46094 192 561 120 4.675 0.468375
 1.45596 193 562 120 4.68333 0.465176
 1.45855 193 563 120 4.69167 0.461805
 1.45361 194 564 120 4.7 0.458258
 1.44872 195 565 120 4.70833 0.45453
 1.44388 196 566 120 4.71667 0.450617
 1.43909 197 567 120 4.725 0.446514
 1.43434 198 568 120 4.73333 0.442217
 1.42965 199 569 120 4.74167 0.437718
 1.425 200 570 120 4.75 0.433013
 1.4204 201 571 120 4.75833 0.428093
 1.41584 202 572 120 4.76667 0.422953
 1.41133 203 573 120 4.775 0.417582
 1.40686 204 574 120 4.78333 0.411974
 1.40244 205 575 120 4.79167 0.406116
 1.39806 206 576 120 4.8 0.4
 1.39372 207 577 120 4.80833 0.393612
 1.38942 208 578 120 4.81667 0.38694
 1.38517 209 579 120 4.825 0.379967
 1.38095 210 580 120 4.83333 0.372678
 1.37678 211 581 120 4.84167 0.365053
 1.37264 212 582 120 4.85 0.357071
 1.36854 213 583 120 4.85833 0.348708
 1.36449 214 584 120 4.86667 0.339935
 1.36047 215 585 120 4.875 0.330719
 1.35648 216 586 120 4.88333 0.321023
 1.35253 217 587 120 4.89167 0.310801
 1.34862 218 588 120 4.9 0.3
 1.34475 219 589 120 4.90833 0.288555
 1.34091 220 590 120 4.91667 0.276385
 1.3371 221 591 120 4.925 0.263391
 1.33333 222 592 120 4.93333 0.249444
 1.3296 223 593 120 4.94167 0.234373
 1.32589 224 594 120 4.95 0.217945
 1.32222 225 595 120 4.95833 0.199826
 1.31858 226 596 120 4.96667 0.179505
 1.31498 227 597 120 4.975 0.156125
 1.3114 228 598 120 4.98333 0.128019
 1.30786 229 599 120 4.99167 0.0909059
 2.6087 230 600 120 5 0
 1.30652 230 601 120 5.00833 0.0909059
 1.3087 230 602 120 5.01667 0.128019
 1.31087 230 603 120 5.025 0.156125
 1.31304 230 604 120 5.03333 0.179505
 1.31522 230 605 120 5.04167 0.199826
 1.31739 230 606 120 5.05 0.217945
 1.31957 230 607 120 5.05833 0.234373
 1.32174 230 608 120 5.06667 0.249444
 1.32391 230 609 120 5.075 0.263391
 1.32609 230 610 120 5.08333 0.276385
 1.32826 230 611 120 5.09167 0.288555
 1.33043 230 612 120 5.1 0.3
 1.33261 230 613 120 5.10833 0.310801
 1.33478 230 614 120 5.11667 0.321023
 1.33696 230 615 120 5.125 0.330719
 1.33913 230 616 120 5.13333 0.339935
 1.3413 230 617 120 5.14167 0.348708
 1.34348 230 618 120 5.15 0.357071
 1.34565 230 619 120 5.15833 0.365053
 1.34783 230 620 120 5.16667 0.372678
 1.35 230 621 120 5.175 0.379967
 1.35217 230 622 120 5.18333 0.38694
 1.35435 230 623 120 5.19167 0.393612
 1.35652 230 624 120 5.2 0.4
 1.3587 230 625 120 5.20833 0.406116
 1.36087 230 626 120 5.21667 0.411974
 1.36304 230 627 120 5.225 0.417582
 1.36522 230 628 120 5.23333 0.422953
 1.36739 230 629 120 5.24167 0.428093
 1.36957 230 630 120 5.25 0.433013
 1.37174 230 631 120 5.25833 0.437718
 1.37391 230 632 120 5.26667 0.442217
 1.37609 230 633 120 5.275 0.446514
 1.37826 230 634 120 5.28333 0.450617
 1.38043 230 635 120 5.29167 0.45453
 1.38261 230 636 120 5.3 0.458258
 1.38478 230 637 120 5.30833 0.461805
 1.38696 230 638 120 5.31667 0.465176
 1.38913 230 639 120 5.325 0.468375
 1.3913 230 640 120 5.33333 0.471405
 1.39348 230 641 120 5.34167 0.474268
 1.39565 230 642 120 5.35 0.47697
 1.39783 230 643 120 5.35833 0.479511
 1.4 230 644 120 5.36667 0.481894
 1.40217 230 645 120 5.375 0.484123
 1.40435 230 646 120 5.38333 0.486198
 1.40652 230 647 120 5.39167 0.488123
 1.4087 230 648 120 5.4 0.489898
 1.41087 230 649 120 5.40833 0.491525
 1.41304 230 650 120 5.41667 0.493007
 1.41522 230 651 120 5.425 0.494343
 1.41739 230 652 120 5.43333 0.495536
 1.41957 230 653 120 5.44167 0.496586
 1.42174 230 654 120 5.45 0.497494
 1.42391 230 655 120 5.45833 0.498261
 1.42609 230 656 120 5.46667 0.498888
 1.42826 230 657 120 5.475 0.499375
 1.43043 230 658 120 5.48333 0.499722
 1.43261 230 659 120 5.49167 0.499931
 1.43478 230 660 120 5.5 0.5
 1.43696 230 661 120 5.50833 0.499931
 1.43913 230 662 120 5.51667 0.499722
 1.4413 230 663 120 5.525 0.499375
 1.44348 230 664 120 5.53333 0.498888
 1.44565 230 665 120 5.54167 0.498261
 1.44783 230 666 120 5.55 0.497494
 1.45 230 667 120 5.55833 0.496586
 1.45217 230 668 120 5.56667 0.495536
 1.45435 230 669 120 5.575 0.494343
 1.45652 230 670 120 5.58333 0.493007
 1.45238 231 671 120 5.59167 0.491525
 1.45455 231 672 120 5.6 0.489898
 1.45671 231 673 120 5.60833 0.488123
 1.45259 232 674 120 5.61667 0.486198
 1.45474 232 675 120 5.625 0.484123
 1.4569 232 676 120 5.63333 0.481894
 1.45279 233 677 120 5.64167 0.479511
 1.44872 234 678 120 5.65 0.47697
 1.44468 235 679 120 5.65833 0.474268
 1.44068 236 680 120 5.66667 0.471405
 1.4428 236 681 120 5.675 0.468375
 1.43882 237 682 120 5.68333 0.465176
 1.44093 237 683 120 5.69167 0.461805
 1.43697 238 684 120 5.7 0.458258
 1.43305 239 685 120 5.70833 0.45453
 1.42917 240 686 120 5.71667 0.450617
 1.42531 241 687 120 5.725 0.446514
 1.42149 242 688 120 5.73333 0.442217
 1.4177 243 689 120 5.74167 0.437718
 1.41393 244 690 120 5.75 0.433013
 1.4102 245 691 120 5.75833 0.428093
 1.4065 246 692 120 5.76667 0.422953
 1.40283 247 693 120 5.775 0.417582
 1.39919 248 694 120 5.78333 0.411974
 1.39558 249 695 120 5.79167 0.406116
 1.392 250 696 120 5.8 0.4
 1.38845 251 697 120 5.80833 0.393612
 1.38492 252 698 120 5.81667 0.38694
 1.38142 253 699 120 5.825 0.379967
 1.37795 254 700 120 5.83333 0.372678
 1.37451 255 701 120 5.84167 0.365053
 1.37109 256 702 120 5.85 0.357071
 1.3677 257 703 120 5.85833 0.348708
 1.36434 258 704 120 5.86667 0.339935
 1.361 259 705 120 5.875 0.330719
 1.35769 260 706 120 5.88333 0.321023
 1.35441 261 707 120 5.89167 0.310801
 1.35115 262 708 120 5.9 0.3
 1.34791 263 709 120 5.90833 0.288555
 1.3447 264 710 120 5.91667 0.276385
 1.34151 265 711 120 5.925 0.263391
 1.33835 266 712 120 5.93333 0.249444
 1.33521 267 713 120 5.94167 0.234373
 1.33209 268 714 120 5.95 0.217945
 1.329 269 715 120 5.95833 0.199826
 1.32593 270 716 120 5.96667 0.179505
 1.32288 271 717 120 5.975 0.156125
 1.31985 272 718 120 5.98333 0.128019
 1.31685 273 719 120 5.99167 0.0909059
 2.62774 274 720 120 6 0
 1.31569 274 721 120 6.00833 0.0909059
 1.31752 274 722 120 6.01667 0.128019
 1.31934 274 723 120 6.025 0.156125
 1.32117 274 724 120 6.03333 0.179505
 1.32299 274 725 120 6.04167 0.199826
 1.32482 274 726 120 6.05 0.217945
 1.32664 274 727 120 6.05833 0.234373
 1.32847 274 728 120 6.06667 0.249444
 1.33029 274 729 120 6.075 0.263391
 1.33212 274 730 120 6.08333 0.276385
 1.33394 274 731 120 6.09167 0.288555
 1.33577 274 732 120 6.1 0.3
 1.33759 274 733 120 6.10833 0.310801
 1.33942 274 734 120 6.11667 0.321023
 1.34124 274 735 120 6.125 0.330719
 1.34307 274 736 120 6.13333 0.339935
 1.34489 274 737 120 6.14167 0.348708
 1.34672 274 738 120 6.15 0.357071
 1.34854 274 739 120 6.15833 0.365053
 1.35036 274 740 120 6.16667 0.372678
 1.35219 274 741 120 6.175 0.379967
 1.35401 274 742 120 6.18333 0.38694
 1.35584 274 743 120 6.19167 0.393612
 1.35766 274 744 120 6.2 0.4
 1.35949 274 745 120 6.20833 0.406116
 1.36131 274 746 120 6.21667 0.411974
 1.36314 274 747 120 6.225 0.417582
 1.36496 274 748 120 6.23333 0.422953
 1.36679 274 749 120 6.24167 0.428093
 1.36861 274 750 120 6.25 0.433013
 1.37044 274 751 120 6.25833 0.437718
 1.37226 274 752 120 6.26667 0.442217
 1.37409 274 753 120 6.275 0.446514
 1.37591 274 754 120 6.28333 0.450617
 1.37774 274 755 120 6.29167 0.45453
 1.37956 274 756 120 6.3 0.458258
 1.38139 274 757 120 6.30833 0.461805
 1.38321 274 758 120 6.31667 0.465176
 1.38504 274 759 120 6.325 0.468375
 1.38686 274 760 120 6.33333 0.471405
 1.38869 274 761 120 6.34167 0.474268
 1.39051 274 762 120 6.35 0.47697
 1.39234 274 763 120 6.35833 0.479511
 1.39416 274 764 120 6.36667 0.481894
 1.39599 274 765 120 6.375 0.484123
 1.39781 274 766 120 6.38333 0.486198
 1.39964 274 767 120 6.39167 0.488123
 1.40146 274 768 120 6.4 0.489898
 1.40328 274 769 120 6.40833 0.491525
 1.40511 274 770 120 6.41667 0.493007
 1.40693 274 771 120 6.425 0.494343
 1.40876 274 772 120 6.43333 0.495536
 1.41058 274 773 120 6.44167 0.496586
 1.41241 274 774 120 6.45 0.497494
 1.41423 274 775 120 6.45833 0.498261
 1.41606 274 776 120 6.46667 0.498888
 1.41788 274 777 120 6.475 0.499375
 1.41971 274 778 120 6.48333 0.499722
 1.42153 274 779 120 6.49167 0.499931
 1.42336 274 780 120 6.5 0.5
 1.42518 274 781 120 6.50833 0.499931
 1.42701 274 782 120 6.51667 0.499722
 1.42883 274 783 120 6.525 0.499375
 1.43066 274 784 120 6.53333 0.498888
 1.43248 274 785 120 6.54167 0.498261
 1.43431 274 786 120 6.55 0.497494
 1.43613 274 787 120 6.55833 0.496586
 1.43796 274 788 120 6.56667 0.495536
 1.43978 274 789 120 6.575 0.494343
 1.43636 275 790 120 6.58333 0.493007
 1.43818 275 791 120 6.59167 0.491525
 1.44 275 792 120 6.6 0.489898
 1.43659 276 793 120 6.60833 0.488123
 1.43841 276 794 120 6.61667 0.486198
 1.44022 276 795 120 6.625 0.484123
 1.44203 276 796 120 6.63333 0.481894
 1.43863 277 797 120 6.64167 0.479511
 1.43525 278 798 120 6.65 0.47697
 1.4319 279 799 120 6.65833 0.474268
 1.42857 280 800 120 6.66667 0.471405
 1.43036 280 801 120 6.675 0.468375
 1.42705 281 802 120 6.68333 0.465176
 1.42883 281 803 120 6.69167 0.461805
 1.42553 282 804 120 6.7 0.458258
 1.42226 283 805 120 6.70833 0.45453
 1.41901 284 806 120 6.71667 0.450617
 1.41579 285 807 120 6.725 0.446514
 1.41259 286 808 120 6.73333 0.442217
 1.40941 287 809 120 6.74167 0.437718
 1.40625 288 810 120 6.75 0.433013
 1.40311 289 811 120 6.75833 0.428093
 1.4 290 812 120 6.76667 0.422953
 1.39691 291 813 120 6.775 0.417582
 1.39384 292 814 120 6.78333 0.411974
 1.39078 293 815 120 6.79167 0.406116
 1.38776 294 816 120 6.8 0.4
 1.38475 295 817 120 6.80833 0.393612
 1.38176 296 818 120 6.81667 0.38694
 1.37879 297 819 120 6.825 0.379967
 1.37584 298 820 120 6.83333 0.372678
 1.37291 299 821 120 6.84167 0.365053
 1.37 300 822 120 6.85 0.357071
 1.36711 301 823 120 6.85833 0.348708
 1.36424 302 824 120 6.86667 0.339935
 1.36139 303 825 120 6.875 0.330719
 1.35855 304 826 120 6.88333 0.321023
 1.35574 305 827 120 6.89167 0.310801
 1.35294 306 828 120 6.9 0.3
 1.35016 307 829 120 6.90833 0.288555
 1.3474 308 830 120 6.91667 0.276385
 1.34466 309 831 120 6.925 0.263391
 1.34194 310 832 120 6.93333 0.249444
 1.33923 311 833 120 6.94167 0.234373
 1.33654 312 834 120 6.95 0.217945
 1.33387 313 835 120 6.95833 0.199826
 1.33121 314 836 120 6.96667 0.179505
 1.32857 315 837 120 6.975 0.156125
 1.32595 316 838 120 6.98333 0.128019
 1.32334 317 839 120 6.99167 0.0909059
 2.64151 318 840 120 7 0
 1.32233 318 841 120 7.00833 0.0909059
 1.3239 318 842 120 7.01667 0.128019
 1.32547 318 843 120 7.025 0.156125
 1.32704 318 844 120 7.03333 0.179505
 1.32862 318 845 120 7.04167 0.199826
 1.33019 318 846 120 7.05 0.217945
 1.33176 318 847 120 7.05833 0.234373
 1.33333 318 848 120 7.06667 0.249444
 1.33491 318 849 120 7.075 0.263391
 1.33648 318 850 120 7.08333 0.276385
 1.33805 318 851 120 7.09167 0.288555
 1.33962 318 852 120 7.1 0.3
 1.34119 318 853 120 7.10833 0.310801
 1.34277 318 854 120 7.11667 0.321023
 1.34434 318 855 120 7.125 0.330719
 1.34591 318 856 120 7.13333 0.339935
 1.34748 318 857 120 7.14167 0.348708
 1.34906 318 858 120 7.15 0.357071
 1.35063 318 859 120 7.15833 0.365053
 1.3522 318 860 120 7.16667 0.372678
 1.35377 318 861 120 7.175 0.379967
 1.35535 318 862 120 7.18333 0.38694
 1.35692 318 863 120 7.19167 0.393612
 1.35849 318 864 120 7.2 0.4
 1.36006 318 865 120 7.20833 0.406116
 1.36164 318 866 120 7.21667 0.411974
 1.36321 318 867 120 7.225 0.417582
 1.36478 318 868 120 7.23333 0.422953
 1.36635 318 869 120 7.24167 0.428093
 1.36792 318 870 120 7.25 0.433013
 1.3695 318 871 120 7.25833 0.437718
 1.37107 318 872 120 7.26667 0.442217
 1.37264 318 873 120 7.275 0.446514
 1.37421 318 874 120 7.28333 0.450617
 1.37579 318 875 120 7.29167 0.45453
 1.37736 318 876 120 7.3 0.458258
 1.37893 318 877 120 7.30833 0.461805
 1.3805 318 878 120 7.31667 0.465176
 1.38208 318 879 120 7.325 0.468375
 1.38365 318 880 120 7.33333 0.471405
 1.38522 318 881 120 7.34167 0.474268
 1.38679 318 882 120 7.35 0.47697
 1.38836 318 883 120 7.35833 0.479511
 1.38994 318 884 120 7.36667 0.481894
 1.39151 318 885 120 7.375 0.484123
 1.39308 318 886 120 7.38333 0.486198
 1.39465 318 887 120 7.39167 0.488123
 1.39623 318 888 120 7.4 0.489898
 1.3978 318 889 120 7.40833 0.491525
 1.39937 318 890 120 7.41667 0.493007
 1.40094 318 891 120 7.425 0.494343
 1.40252 318 892 120 7.43333 0.495536
 1.40409 318 893 120 7.44167 0.496586
 1.40566 318 894 120 7.45 0.497494
 1.40723 318 895 120 7.45833 0.498261
 1.40881 318 896 120 7.46667 0.498888
 1.41038 318 897 120 7.475 0.499375
 1.41195 318 898 120 7.48333 0.499722
 1.41352 318 899 120 7.49167 0.499931
 1.41509 318 900 120 7.5 0.5
 1.41667 318 901 120 7.50833 0.499931
 1.41824 318 902 120 7.51667 0.499722
 1.41981 318 903 120 7.525 0.499375
 1.42138 318 904 120 7.53333 0.498888
 1.42296 318 905 120 7.54167 0.498261
 1.42453 318 906 120 7.55 0.497494
 1.4261 318 907 120 7.55833 0.496586
 1.42767 318 908 120 7.56667 0.495536
 1.42925 318 909 120 7.575 0.494343
 1.43082 318 910 120 7.58333 0.493007
 1.4279 319 911 120 7.59167 0.491525
 1.42947 319 912 120 7.6 0.489898
 1.43103 319 913 120 7.60833 0.488123
 1.42813 320 914 120 7.61667 0.486198
 1.42969 320 915 120 7.625 0.484123
 1.43125 320 916 120 7.63333 0.481894
 1.42835 321 917 120 7.64167 0.479511
 1.42547 322 918 120 7.65 0.47697
 1.4226 323 919 120 7.65833 0.474268
 1.41975 324 920 120 7.66667 0.471405
 1.4213 324 921 120 7.675 0.468375
 1.41846 325 922 120 7.68333 0.465176
 1.42 325 923 120 7.69167 0.461805
 1.41718 326 924 120 7.7 0.458258
 1.41437 327 925 120 7.70833 0.45453
 1.41159 328 926 120 7.71667 0.450617
 1.40881 329 927 120 7.725 0.446514
 1.40606 330 928 120 7.73333 0.442217
 1.40332 331 929 120 7.74167 0.437718
 1.4006 332 930 120 7.75 0.433013
 1.3979 333 931 120 7.75833 0.428093
 1.39521 334 932 120 7.76667 0.422953
 1.39254 335 933 120 7.775 0.417582
 1.38988 336 934 120 7.78333 0.411974
 1.38724 337 935 120 7.79167 0.406116
 1.38462 338 936 120 7.8 0.4
 1.38201 339 937 120 7.80833 0.393612
 1.37941 340 938 120 7.81667 0.38694
 1.37683 341 939 120 7.825 0.379967
 1.37427 342 940 120 7.83333 0.372678
 1.37172 343 941 120 7.84167 0.365053
 1.36919 344 942 120 7.85 0.357071
 1.36667 345 943 120 7.85833 0.348708
 1.36416 346 944 120 7.86667 0.339935
 1.36167 347 945 120 7.875 0.330719
 1.3592 348 946 120 7.88333 0.321023
 1.35673 349 947 120 7.89167 0.310801
 1.35429 350 948 120 7.9 0.3
 1.35185 351 949 120 7.90833 0.288555
 1.34943 352 950 120 7.91667 0.276385
 1.34703 353 951 120 7.925 0.263391
 1.34463 354 952 120 7.93333 0.249444
 1.34225 355 953 120 7.94167 0.234373
 1.33989 356 954 120 7.95 0.217945
 1.33754 357 955 120 7.95833 0.199826
 1.3352 358 956 120 7.96667 0.179505
 1.33287 359 957 120 7.975 0.156125
 1.33056 360 958 120 7.98333 0.128019
 1.32825 361 959 120 7.99167 0.0909059
 2.65193 362 960 120 8 0
 1.32735 362 961 120 8.00833 0.0909059
 1.32873 362 962 120 8.01667 0.128019
 1.33011 362 963 120 8.025 0.156125
 1.33149 362 964 120 8.03333 0.179505
 1.33287 362 965 120 8.04167 0.199826
 1.33425 362 966 120 8.05 0.217945
 1.33564 362 967 120 8.05833 0.234373
 1.33702 362 968 120 8.06667 0.249444
 1.3384 362 969 120 8.075 0.263391
 1.33978 362 970 120 8.08333 0.276385
 1.34116 362 971 120 8.09167 0.288555
 1.34254 362 972 120 8.1 0.3
 1.34392 362 973 120 8.10833 0.310801
 1.3453 362 974 120 8.11667 0.321023
 1.34669 362 975 120 8.125 0.330719
 1.34807 362 976 120 8.13333 0.339935
 1.34945 362 977 120 8.14167 0.348708
 1.35083 362 978 120 8.15 0.357071
 1.35221 362 979 120 8.15833 0.365053
 1.35359 362 980 120 8.16667 0.372678
 1.35497 362 981 120 8.175 0.379967
 1.35635 362 982 120 8.18333 0.38694
 1.35773 362 983 120 8.19167 0.393612
 1.35912 362 984 120 8.2 0.4
 1.3605 362 985 120 8.20833 0.406116
 1.36188 362 986 120 8.21667 0.411974
 1.36326 362 987 120 8.225 0.417582
 1.36464 362 988 120 8.23333 0.422953
 1.36602 362 989 120 8.24167 0.428093
 1.3674 362 990 120 8.25 0.433013
 1.36878 362 991 120 8.25833 0.437718
 1.37017 362 992 120 8.26667 0.442217
 1.37155 362 993 120 8.275 0.446514
 1.37293 362 994 120 8.28333 0.450617
 1.37431 362 995 120 8.29167 0.45453
 1.37569 362 996 120 8.3 0.458258
 1.37707 362 997 120 8.30833 0.461805
 1.37845 362 998 120 8.31667 0.465176
 1.37983 362 999 120 8.325 0.468375
 1.38122 362 1000 120 8.33333 0.471405
 1.3826 362 1001 120 8.34167 0.474268
 1.38398 362 1002 120 8.35 0.47697
 1.38536 362 1003 120 8.35833 0.479511
 1.38674 362 1004 120 8.36667 0.481894
 1.38812 362 1005 120 8.375 0.484123
 1.3895 362 1006 120 8.38333 0.486198
 1.39088 362 1007 120 8.39167 0.488123
 1.39227 362 1008 120 8.4 0.489898
 1.39365 362 1009 120 8.40833 0.491525
 1.39503 362 1010 120 8.41667 0.493007
 1.39641 362 1011 120 8.425 0.494343
 1.39779 362 1012 120 8.43333 0.495536
 1.39917 362 1013 120 8.44167 0.496586
 1.40055 362 1014 120 8.45 0.497494
 1.40193 362 1015 120 8.45833 0.498261
 1.40331 362 1016 120 8.46667 0.498888
 1.4047 362 1017 120 8.475 0.499375
 1.40608 362 1018 120 8.48333 0.499722
 1.40746 362 1019 120 8.49167 0.499931
 1.40884 362 1020 120 8.5 0.5
 1.41022 362 1021 120 8.50833 0.499931
 1.4116 362 1022 120 8.51667 0.499722
 1.41298 362 1023 120 8.525 0.499375
 1.41436 362 1024 120 8.53333 0.498888
 1.41575 362 1025 120 8.54167 0.498261
 1.41713 362 1026 120 8.55 0.497494
 1.41851 362 1027 120 8.55833 0.496586
 1.41989 362 1028 120 8.56667 0.495536
 1.42127 362 1029 120 8.575 0.494343
 1.42265 362 1030 120 8.58333 0.493007
 1.42011 363 1031 120 8.59167 0.491525
 1.42149 363 1032 120 8.6 0.489898
 1.42287 363 1033 120 8.60833 0.488123
 1.42033 364 1034 120 8.61667 0.486198
 1.4217 364 1035 120 8.625 0.484123
 1.42308 364 1036 120 8.63333 0.481894
 1.42055 365 1037 120 8.64167 0.479511
 1.41803 366 1038 120 8.65 0.47697
 1.41553 367 1039 120 8.65833 0.474268
 1.41304 368 1040 120 8.66667 0.471405
 1.4144 368 1041 120 8.675 0.468375
 1.41192 369 1042 120 8.68333 0.465176
 1.41328 369 1043 120 8.69167 0.461805
 1.41081 370 1044 120 8.7 0.458258
 1.40836 371 1045 120 8.70833 0.45453
 1.40591 372 1046 120 8.71667 0.450617
 1.40349 373 1047 120 8.725 0.446514
 1.40107 374 1048 120 8.73333 0.442217
 1.39867 375 1049 120 8.74167 0.437718
 1.39628 376 1050 120 8.75 0.433013
 1.3939 377 1051 120 8.75833 0.428093
 1.39153 378 1052 120 8.76667 0.422953
 1.38918 379 1053 120 8.775 0.417582
 1.38684 380 1054 120 8.78333 0.411974
 1.38451 381 1055 120 8.79167 0.406116
 1.3822 382 1056 120 8.8 0.4
 1.3799 383 1057 120 8.80833 0.393612
 1.3776 384 1058 120 8.81667 0.38694
 1.37532 385 1059 120 8.825 0.379967
 1.37306 386 1060 120 8.83333 0.372678
 1.3708 387 1061 120 8.84167 0.365053
 1.36856 388 1062 120 8.85 0.357071
 1.36632 389 1063 120 8.85833 0.348708
 1.3641 390 1064 120 8.86667 0.339935
 1.36189 391 1065 120 8.875 0.330719
 1.35969 392 1066 120 8.88333 0.321023
 1.35751 393 1067 120 8.89167 0.310801
 1.35533 394 1068 120 8.9 0.3
 1.35316 395 1069 120 8.90833 0.288555
 1.35101 396 1070 120 8.91667 0.276385
 1.34887 397 1071 120 8.925 0.263391
 1.34673 398 1072 120 8.93333 0.249444
 1.34461 399 1073 120 8.94167 0.234373
 1.3425 400 1074 120 8.95 0.217945
 1.3404 401 1075 120 8.95833 0.199826
 1.33831 402 1076 120 8.96667 0.179505
 1.33623 403 1077 120 8.975 0.156125
 1.33416 404 1078 120 8.98333 0.128019
 1.3321 405 1079 120 8.99167 0.0909059
 2.6601 406 1080 120 9 0
 1.33128 406 1081 120 9.00833 0.0909059
 1.33251 406 1082 120 9.01667 0.128019
 1.33374 406 1083 120 9.025 0.156125
 1.33498 406 1084 120 9.03333 0.179505
 1.33621 406 1085 120 9.04167 0.199826
 1.33744 406 1086 120 9.05 0.217945
 1.33867 406 1087 120 9.05833 0.234373
 1.3399 406 1088 120 9.06667 0.249444
 1.34113 406 1089 120 9.075 0.263391
 1.34236 406 1090 120 9.08333 0.276385
 1.3436 406 1091 120 9.09167 0.288555
 1.34483 406 1092 120 9.1 0.3
 1.34606 406 1093 120 9.10833 0.310801
 1.34729 406 1094 120 9.11667 0.321023
 1.34852 406 1095 120 9.125 0.330719
 1.34975 406 1096 120 9.13333 0.339935
 1.35099 406 1097 120 9.14167 0.348708
 1.35222 406 1098 120 9.15 0.357071
 1.35345 406 1099 120 9.15833 0.365053
 1.35468 406 1100 120 9.16667 0.372678
 1.35591 406 1101 120 9.175 0.379967
 1.35714 406 1102 120 9.18333 0.38694
 1.35837 406 1103 120 9.19167 0.393612
 1.35961 406 1104 120 9.2 0.4
 1.36084 406 1105 120 9.20833 0.406116
 1.36207 406 1106 120 9.21667 0.411974
 1.3633 406 1107 120 9.225 0.417582
 1.36453 406 1108 120 9.23333 0.422953
 1.36576 406 1109 120 9.24167 0.428093
 1.367 406 1110 120 9.25 0.433013
 1.36823 406 1111 120 9.25833 0.437718
 1.36946 406 1112 120 9.26667 0.442217
 1.37069 406 1113 120 9.275 0.446514
 1.37192 406 1114 120 9.28333 0.450617
 1.37315 406 1115 120 9.29167 0.45453
 1.37438 406 1116 120 9.3 0.458258
 1.37562 406 1117 120 9.30833 0.461805
 1.37685 406 1118 120 9.31667 0.465176
 1.37808 406 1119 120 9.325 0.468375
 1.37931 406 1120 120 9.33333 0.471405
 1.38054 406 1121 120 9.34167 0.474268
 1.38177 406 1122 120 9.35 0.47697
 1.383 406 1123 120 9.35833 0.479511
 1.38424 406 1124 120 9.36667 0.481894
 1.38547 406 1125 120 9.375 0.484123
 1.3867 406 1126 120 9.38333 0.486198
 1.38793 406 1127 120 9.39167 0.488123
 1.38916 406 1128 120 9.4 0.489898
 1.39039 406 1129 120 9.40833 0.491525
 1.39163 406 1130 120 9.41667 0.493007
 1.39286 406 1131 120 9.425 0.494343
 1.39409 406 1132 120 9.43333 0.495536
 1.39532 406 1133 120 9.44167 0.496586
 1.39655 406 1134 120 9.45 0.497494
 1.39778 406 1135 120 9.45833 0.498261
 1.39901 406 1136 120 9.46667 0.498888
 1.40025 406 1137 120 9.475 0.499375
 1.40148 406 1138 120 9.48333 0.499722
 1.40271 406 1139 120 9.49167 0.499931
 1.40394 406 1140 120 9.5 0.5
 1.40517 406 1141 120 9.50833 0.499931
 1.4064 406 1142 120 9.51667 0.499722
 1.40764 406 1143 120 9.525 0.499375
 1.40887 406 1144 120 9.53333 0.498888
 1.4101 406 1145 120 9.54167 0.498261
 1.41133 406 1146 120 9.55 0.497494
 1.41256 406 1147 120 9.55833 0.496586
 1.41379 406 1148 120 9.56667 0.495536
 1.41502 406 1149 120 9.575 0.494343
 1.41626 406 1150 120 9.58333 0.493007
 1.414 407 1151 120 9.59167 0.491525
 1.41523 407 1152 120 9.6 0.489898
 1.41646 407 1153 120 9.60833 0.488123
 1.41422 408 1154 120 9.61667 0.486198
 1.41544 408 1155 120 9.625 0.484123
 1.41667 408 1156 120 9.63333 0.481894
 1.41443 409 1157 120 9.64167 0.479511
 1.4122 410 1158 120 9.65 0.47697
 1.40998 411 1159 120 9.65833 0.474268
 1.40777 412 1160 120 9.66667 0.471405
 1.40898 412 1161 120 9.675 0.468375
 1.40678 413 1162 120 9.68333 0.465176
 1.40799 413 1163 120 9.69167 0.461805
 1.4058 414 1164 120 9.7 0.458258
 1.40361 415 1165 120 9.70833 0.45453
 1.40144 416 1166 120 9.71667 0.450617
 1.39928 417 1167 120 9.725 0.446514
 1.39713 418 1168 120 9.73333 0.442217
 1.39499 419 1169 120 9.74167 0.437718
 1.39286 420 1170 120 9.75 0.433013
 1.39074 421 1171 120 9.75833 0.428093
 1.38863 422 1172 120 9.76667 0.422953
 1.38652 423 1173 120 9.775 0.417582
 1.38443 424 1174 120 9.78333 0.411974
 1.38235 425 1175 120 9.79167 0.406116
 1.38028 426 1176 120 9.8 0.4
 1.37822 427 1177 120 9.80833 0.393612
 1.37617 428 1178 120 9.81667 0.38694
 1.37413 429 1179 120 9.825 0.379967
 1.37209 430 1180 120 9.83333 0.372678
 1.37007 431 1181 120 9.84167 0.365053
 1.36806 432 1182 120 9.85 0.357071
 1.36605 433 1183 120 9.85833 0.348708
 1.36406 434 1184 120 9.86667 0.339935
 1.36207 435 1185 120 9.875 0.330719
 1.36009 436 1186 120 9.88333 0.321023
 1.35812 437 1187 120 9.89167 0.310801
 1.35616 438 1188 120 9.9 0.3
 1.35421 439 1189 120 9.90833 0.288555
 1.35227 440 1190 120 9.91667 0.276385
 1.35034 441 1191 120 9.925 0.263391
 1.34842 442 1192 120 9.93333 0.249444
 1.3465 443 1193 120 9.94167 0.234373
 1.34459 444 1194 120 9.95 0.217945
 1.3427 445 1195 120 9.95833 0.199826
 1.34081 446 1196 120 9.96667 0.179505
 1.33893 447 1197 120 9.975 0.156125
 1.33705 448 1198 120 9.98333 0.128019
 1.33519 449 1199 120 9.99167 0.0909059
 2.66667 450 1200 120 10 0
 1.33444 450 1201 120 10.0083 0.0909059
 1.33556 450 1202 120 10.0167 0.128019
 1.33667 450 1203 120 10.025 0.156125
 1.33778 450 1204 120 10.0333 0.179505
 1.33889 450 1205 120 10.0417 0.199826
 1.34 450 1206 120 10.05 0.217945
 1.34111 450 1207 120 10.0583 0.234373
 1.34222 450 1208 120 10.0667 0.249444
 1.34333 450 1209 120 10.075 0.263391
 1.34444 450 1210 120 10.0833 0.276385
 1.34556 450 1211 120 10.0917 0.288555
 1.34667 450 1212 120 10.1 0.3
 1.34778 450 1213 120 10.1083 0.310801
 1.34889 450 1214 120 10.1167 0.321023
 1.35 450 1215 120 10.125 0.330719
 1.35111 450 1216 120 10.1333 0.339935
 1.35222 450 1217 120 10.1417 0.348708
 1.35333 450 1218 120 10.15 0.357071
 1.35444 450 1219 120 10.1583 0.365053
 1.35556 450 1220 120 10.1667 0.372678
 1.35667 450 1221 120 10.175 0.379967
 1.35778 450 1222 120 10.1833 0.38694
 1.35889 450 1223 120 10.1917 0.393612
 1.36 450 1224 120 10.2 0.4
 1.36111 450 1225 120 10.2083 0.406116
 1.36222 450 1226 120 10.2167 0.411974
 1.36333 450 1227 120 10.225 0.417582
 1.36444 450 1228 120 10.2333 0.422953
 1.36556 450 1229 120 10.2417 0.428093
 1.36667 450 1230 120 10.25 0.433013
 1.36778 450 1231 120 10.2583 0.437718
 1.36889 450 1232 120 10.2667 0.442217
 1.37 450 1233 120 10.275 0.446514
 1.37111 450 1234 120 10.2833 0.450617
 1.37222 450 1235 120 10.2917 0.45453
 1.37333 450 1236 120 10.3 0.458258
 1.37444 450 1237 120 10.3083 0.461805
 1.37556 450 1238 120 10.3167 0.465176
 1.37667 450 1239 120 10.325 0.468375
 1.37778 450 1240 120 10.3333 0.471405
 1.37889 450 1241 120 10.3417 0.474268
 1.38 450 1242 120 10.35 0.47697
 1.38111 450 1243 120 10.3583 0.479511
 1.38222 450 1244 120 10.3667 0.481894
 1.38333 450 1245 120 10.375 0.484123
 1.38444 450 1246 120 10.3833 0.486198
 1.38556 450 1247 120 10.3917 0.488123
 1.38667 450 1248 120 10.4 0.489898
 1.38778 450 1249 120 10.4083 0.491525
 1.38889 450 1250 120 10.4167 0.493007
 1.39 450 1251 120 10.425 0.494343
 1.39111 450 1252 120 10.4333 0.495536
 1.39222 450 1253 120 10.4417 0.496586
 1.39333 450 1254 120 10.45 0.497494
 1.39444 450 1255 120 10.4583 0.498261
 1.39556 450 1256 120 10.4667 0.498888
 1.39667 450 1257 120 10.475 0.499375
 1.39778 450 1258 120 10.4833 0.499722
 1.39889 450 1259 120 10.4917 0.499931
 1.4 450 1260 120 10.5 0.5
 1.40111 450 1261 120 10.5083 0.499931
 1.40222 450 1262 120 10.5167 0.499722
 1.40333 450 1263 120 10.525 0.499375
 1.40444 450 1264 120 10.5333 0.498888
 1.40556 450 1265 120 10.5417 0.498261
 1.40667 450 1266 120 10.55 0.497494
 1.40778 450 1267 120 10.5583 0.496586
 1.40889 450 1268 120 10.5667 0.495536
 1.41 450 1269 120 10.575 0.494343
 1.41111 450 1270 120 10.5833 0.493007
 1.41222 450 1271 120 10.5917 0.491525
 1.4102 451 1272 120 10.6 0.489898
 1.41131 451 1273 120 10.6083 0.488123
 1.41242 451 1274 120 10.6167 0.486198
 1.41353 451 1275 120 10.625 0.484123
 1.4115 452 1276 120 10.6333 0.481894
 1.40949 453 1277 120 10.6417 0.479511
 1.4106 453 1278 120 10.65 0.47697
 1.40859 454 1279 120 10.6583 0.474268
 1.40659 455 1280 120 10.6667 0.471405
 1.40461 456 1281 120 10.675 0.468375
 1.4057 456 1282 120 10.6833 0.465176
 1.40372 457 1283 120 10.6917 0.461805
 1.40175 458 1284 120 10.7 0.458258
 1.39978 459 1285 120 10.7083 0.45453
 1.39783 460 1286 120 10.7167 0.450617
 1.39588 461 1287 120 10.725 0.446514
 1.39394 462 1288 120 10.7333 0.442217
 1.39201 463 1289 120 10.7417 0.437718
 1.39009 464 1290 120 10.75 0.433013
 1.38817 465 1291 120 10.7583 0.428093
 1.38627 466 1292 120 10.7667 0.422953
 1.38437 467 1293 120 10.775 0.417582
 1.38248 468 1294 120 10.7833 0.411974
 1.3806 469 1295 120 10.7917 0.406116
 1.37872 470 1296 120 10.8 0.4
 1.37686 471 1297 120 10.8083 0.393612
 1.375 472 1298 120 10.8167 0.38694
 1.37315 473 1299 120 10.825 0.379967
 1.37131 474 1300 120 10.8333 0.372678
 1.36947 475 1301 120 10.8417 0.365053
 1.36765 476 1302 120 10.85 0.357071
 1.36583 477 1303 120 10.8583 0.348708
 1.36402 478 1304 120 10.8667 0.339935
 1.36221 479 1305 120 10.875 0.330719
 1.36042 480 1306 120 10.8833 0.321023
 1.35863 481 1307 120 10.8917 0.310801
 1.35685 482 1308 120 10.9 0.3
 1.35507 483 1309 120 10.9083 0.288555
 1.35331 484 1310 120 10.9167 0.276385
 1.35155 485 1311 120 10.925 0.263391
 1.34979 486 1312 120 10.9333 0.249444
 1.34805 487 1313 120 10.9417 0.234373
 1.34631 488 1314 120 10.95 0.217945
 1.34458 489 1315 120 10.9583 0.199826
 1.34286 490 1316 120 10.9667 0.179505
 1.34114 491 1317 120 10.975 0.156125
 1.33943 492 1318 120 10.9833 0.128019
 1.33773 493 1319 120 10.9917 0.0909059
 2.67206 494 1320 120 11 0
 1.33704 494 1321 120 11.0083 0.0909059
 1.33806 494 1322 120 11.0167 0.128019
 1.33907 494 1323 120 11.025 0.156125
 1.34008 494 1324 120 11.0333 0.179505
 1.34109 494 1325 120 11.0417 0.199826
 1.34211 494 1326 120 11.05 0.217945
 1.34312 494 1327 120 11.0583 0.234373
 1.34413 494 1328 120 11.0667 0.249444
 1.34514 494 1329 120 11.075 0.263391
 1.34615 494 1330 120 11.0833 0.276385
 1.34717 494 1331 120 11.0917 0.288555
 1.34818 494 1332 120 11.1 0.3
 1.34919 494 1333 120 11.1083 0.310801
 1.3502 494 1334 120 11.1167 0.321023
 1.35121 494 1335 120 11.125 0.330719
 1.35223 494 1336 120 11.1333 0.339935
 1.35324 494 1337 120 11.1417 0.348708
 1.35425 494 1338 120 11.15 0.357071
 1.35526 494 1339 120 11.1583 0.365053
 1.35628 494 1340 120 11.1667 0.372678
 1.35729 494 1341 120 11.175 0.379967
 1.3583 494 1342 120 11.1833 0.38694
 1.35931 494 1343 120 11.1917 0.393612
 1.36032 494 1344 120 11.2 0.4
 1.36134 494 1345 120 11.2083 0.406116
 1.36235 494 1346 120 11.2167 0.411974
 1.36336 494 1347 120 11.225 0.417582
 1.36437 494 1348 120 11.2333 0.422953
 1.36538 494 1349 120 11.2417 0.428093
 1.3664 494 1350 120 11.25 0.433013
 1.36741 494 1351 120 11.2583 0.437718
 1.36842 494 1352 120 11.2667 0.442217
 1.36943 494 1353 120 11.275 0.446514
 1.37045 494 1354 120 11.2833 0.450617
 1.37146 494 1355 120 11.2917 0.45453
 1.37247 494 1356 120 11.3 0.458258
 1.37348 494 1357 120 11.3083 0.461805
 1.37449 494 1358 120 11.3167 0.465176
 1.37551 494 1359 120 11.325 0.468375
 1.37652 494 1360 120 11.3333 0.471405
 1.37753 494 1361 120 11.3417 0.474268
 1.37854 494 1362 120 11.35 0.47697
 1.37955 494 1363 120 11.3583 0.479511
 1.38057 494 1364 120 11.3667 0.481894
 1.38158 494 1365 120 11.375 0.484123
 1.38259 494 1366 120 11.3833 0.486198
 1.3836 494 1367 120 11.3917 0.488123
 1.38462 494 1368 120 11.4 0.489898
 1.38563 494 1369 120 11.4083 0.491525
 1.38664 494 1370 120 11.4167 0.493007
 1.38765 494 1371 120 11.425 0.494343
 1.38866 494 1372 120 11.4333 0.495536
 1.38968 494 1373 120 11.4417 0.496586
 1.39069 494 1374 120 11.45 0.497494
 1.3917 494 1375 120 11.4583 0.498261
 1.39271 494 1376 120 11.4667 0.498888
 1.39372 494 1377 120 11.475 0.499375
 1.39474 494 1378 120 11.4833 0.499722
 1.39575 494 1379 120 11.4917 0.499931
 1.39676 494 1380 120 11.5 0.5
 1.39777 494 1381 120 11.5083 0.499931
 1.39879 494 1382 120 11.5167 0.499722
 1.3998 494 1383 120 11.525 0.499375
 1.40081 494 1384 120 11.5333 0.498888
 1.40182 494 1385 120 11.5417 0.498261
 1.40283 494 1386 120 11.55 0.497494
 1.40385 494 1387 120 11.5583 0.496586
 1.40486 494 1388 120 11.5667 0.495536
 1.40587 494 1389 120 11.575 0.494343
 1.40688 494 1390 120 11.5833 0.493007
 1.40789 494 1391 120 11.5917 0.491525
 1.40891 494 1392 120 11.6 0.489898
 1.40707 495 1393 120 11.6083 0.488123
 1.40808 495 1394 120 11.6167 0.486198
 1.40909 495 1395 120 11.625 0.484123
 1.4101 495 1396 120 11.6333 0.481894
 1.40827 496 1397 120 11.6417 0.479511
 1.40644 497 1398 120 11.65 0.47697
 1.40462 498 1399 120 11.6583 0.474268
 1.40281 499 1400 120 11.6667 0.471405
 1.401 500 1401 120 11.675 0.468375
 1.402 500 1402 120 11.6833 0.465176
 1.4002 501 1403 120 11.6917 0.461805
 1.39841 502 1404 120 11.7 0.458258
 1.39662 503 1405 120 11.7083 0.45453
 1.39484 504 1406 120 11.7167 0.450617
 1.39307 505 1407 120 11.725 0.446514
 1.3913 506 1408 120 11.7333 0.442217
 1.38955 507 1409 120 11.7417 0.437718
 1.3878 508 1410 120 11.75 0.433013
 1.38605 509 1411 120 11.7583 0.428093
 1.38431 510 1412 120 11.7667 0.422953
 1.38258 511 1413 120 11.775 0.417582
 1.38086 512 1414 120 11.7833 0.411974
 1.37914 513 1415 120 11.7917 0.406116
 1.37743 514 1416 120 11.8 0.4
 1.37573 515 1417 120 11.8083 0.393612
 1.37403 516 1418 120 11.8167 0.38694
 1.37234 517 1419 120 11.825 0.379967
 1.37066 518 1420 120 11.8333 0.372678
 1.36898 519 1421 120 11.8417 0.365053
 1.36731 520 1422 120 11.85 0.357071
 1.36564 521 1423 120 11.8583 0.348708
 1.36398 522 1424 120 11.8667 0.339935
 1.36233 523 1425 120 11.875 0.330719
 1.36069 524 1426 120 11.8833 0.321023
 1.35905 525 1427 120 11.8917 0.310801
 1.35741 526 1428 120 11.9 0.3
 1.35579 527 1429 120 11.9083 0.288555
 1.35417 528 1430 120 11.9167 0.276385
 1.35255 529 1431 120 11.925 0.263391
 1.35094 530 1432 120 11.9333 0.249444
 1.34934 531 1433 120 11.9417 0.234373
 1.34774 532 1434 120 11.95 0.217945
 1.34615 533 1435 120 11.9583 0.199826
 1.34457 534 1436 120 11.9667 0.179505
 1.34299 535 1437 120 11.975 0.156125
 1.34142 536 1438 120 11.9833 0.128019
 1.33985 537 1439 120 11.9917 0.0909059
 2.67658 538 1440 120 12 0
 1.33922 538 1441 120 12.0083 0.0909059
 1.34015 538 1442 120 12.0167 0.128019
 1.34108 538 1443 120 12.025 0.156125
 1.34201 538 1444 120 12.0333 0.179505
 1.34294 538 1445 120 12.0417 0.199826
 1.34387 538 1446 120 12.05 0.217945
 1.3448 538 1447 120 12.0583 0.234373
 1.34572 538 1448 120 12.0667 0.249444
 1.34665 538 1449 120 12.075 0.263391
 1.34758 538 1450 120 12.0833 0.276385
 1.34851 538 1451 120 12.0917 0.288555
 1.34944 538 1452 120 12.1 0.3
 1.35037 538 1453 120 12.1083 0.310801
 1.3513 538 1454 120 12.1167 0.321023
 1.35223 538 1455 120 12.125 0.330719
 1.35316 538 1456 120 12.1333 0.339935
 1.35409 538 1457 120 12.1417 0.348708
 1.35502 538 1458 120 12.15 0.357071
 1.35595 538 1459 120 12.1583 0.365053
 1.35688 538 1460 120 12.1667 0.372678
 1.35781 538 1461 120 12.175 0.379967
 1.35874 538 1462 120 12.1833 0.38694
 1.35967 538 1463 120 12.1917 0.393612
 1.36059 538 1464 120 12.2 0.4
 1.36152 538 1465 120 12.2083 0.406116
 1.36245 538 1466 120 12.2167 0.411974
 1.36338 538 1467 120 12.225 0.417582
 1.36431 538 1468 120 12.2333 0.422953
 1.36524 538 1469 120 12.2417 0.428093
 1.36617 538 1470 120 12.25 0.433013
 1.3671 538 1471 120 12.2583 0.437718
 1.36803 538 1472 120 12.2667 0.442217
 1.36896 538 1473 120 12.275 0.446514
 1.36989 538 1474 120 12.2833 0.450617
 1.37082 538 1475 120 12.2917 0.45453
 1.37175 538 1476 120 12.3 0.458258
 1.37268 538 1477 120 12.3083 0.461805
 1.37361 538 1478 120 12.3167 0.465176
 1.37454 538 1479 120 12.325 0.468375
 1.37546 538 1480 120 12.3333 0.471405
 1.37639 538 1481 120 12.3417 0.474268
 1.37732 538 1482 120 12.35 0.47697
 1.37825 538 1483 120 12.3583 0.479511
 1.37918 538 1484 120 12.3667 0.481894
 1.38011 538 1485 120 12.375 0.484123
 1.38104 538 1486 120 12.3833 0.486198
 1.38197 538 1487 120 12.3917 0.488123
 1.3829 538 1488 120 12.4 0.489898
 1.38383 538 1489 120 12.4083 0.491525
 1.38476 538 1490 120 12.4167 0.493007
 1.38569 538 1491 120 12.425 0.494343
 1.38662 538 1492 120 12.4333 0.495536
 1.38755 538 1493 120 12.4417 0.496586
 1.38848 538 1494 120 12.45 0.497494
 1.38941 538 1495 120 12.4583 0.498261
 1.39033 538 1496 120 12.4667 0.498888
 1.39126 538 1497 120 12.475 0.499375
 1.39219 538 1498 120 12.4833 0.499722
 1.39312 538 1499 120 12.4917 0.499931
 1.39405 538 1500 120 12.5 0.5
 1.39498 538 1501 120 12.5083 0.499931
 1.39591 538 1502 120 12.5167 0.499722
 1.39684 538 1503 120 12.525 0.499375
 1.39777 538 1504 120 12.5333 0.498888
 1.3987 538 1505 120 12.5417 0.498261
 1.39963 538 1506 120 12.55 0.497494
 1.40056 538 1507 120 12.5583 0.496586
 1.40149 538 1508 120 12.5667 0.495536
 1.40242 538 1509 120 12.575 0.494343
 1.40335 538 1510 120 12.5833 0.493007
 1.40428 538 1511 120 12.5917 0.491525
 1.4052 538 1512 120 12.6 0.489898
 1.40613 538 1513 120 12.6083 0.488123
 1.40445 539 1514 120 12.6167 0.486198
 1.40538 539 1515 120 12.625 0.484123
 1.40631 539 1516 120 12.6333 0.481894
 1.40724 539 1517 120 12.6417 0.479511
 1.40556 540 1518 120 12.65 0.47697
 1.40388 541 1519 120 12.6583 0.474268
 1.40221 542 1520 120 12.6667 0.471405
 1.40055 543 1521 120 12.675 0.468375
 1.3989 544 1522 120 12.6833 0.465176
 1.39725 545 1523 120 12.6917 0.461805
 1.3956 546 1524 120 12.7 0.458258
 1.39397 547 1525 120 12.7083 0.45453
 1.39234 548 1526 120 12.7167 0.450617
 1.39071 549 1527 120 12.725 0.446514
 1.38909 550 1528 120 12.7333 0.442217
 1.38748 551 1529 120 12.7417 0.437718
 1.38587 552 1530 120 12.75 0.433013
 1.38427 553 1531 120 12.7583 0.428093
 1.38267 554 1532 120 12.7667 0.422953
 1.38108 555 1533 120 12.775 0.417582
 1.3795 556 1534 120 12.7833 0.411974
 1.37792 557 1535 120 12.7917 0.406116
 1.37634 558 1536 120 12.8 0.4
 1.37478 559 1537 120 12.8083 0.393612
 1.37321 560 1538 120 12.8167 0.38694
 1.37166 561 1539 120 12.825 0.379967
 1.37011 562 1540 120 12.8333 0.372678
 1.36856 563 1541 120 12.8417 0.365053
 1.36702 564 1542 120 12.85 0.357071
 1.36549 565 1543 120 12.8583 0.348708
 1.36396 566 1544 120 12.8667 0.339935
 1.36243 567 1545 120 12.875 0.330719
 1.36092 568 1546 120 12.8833 0.321023
 1.3594 569 1547 120 12.8917 0.310801
 1.35789 570 1548 120 12.9 0.3
 1.35639 571 1549 120 12.9083 0.288555
 1.3549 572 1550 120 12.9167 0.276385
 1.3534 573 1551 120 12.925 0.263391
 1.35192 574 1552 120 12.9333 0.249444
 1.35043 575 1553 120 12.9417 0.234373
 1.34896 576 1554 120 12.95 0.217945
 1.34749 577 1555 120 12.9583 0.199826
 1.34602 578 1556 120 12.9667 0.179505
 1.34456 579 1557 120 12.975 0.156125
 1.3431 580 1558 120 12.9833 0.128019
 1.34165 581 1559 120 12.9917 0.0909059
 2.68041 582 1560 120 13 0
 1.34107 582 1561 120 13.0083 0.0909059
 1.34192 582 1562 120 13.0167 0.128019
 1.34278 582 1563 120 13.025 0.156125
 1.34364 582 1564 120 13.0333 0.179505
 1.3445 582 1565 120 13.0417 0.199826
 1.34536 582 1566 120 13.05 0.217945
 1.34622 582 1567 120 13.0583 0.234373
 1.34708 582 1568 120 13.0667 0.249444
 1.34794 582 1569 120 13.075 0.263391
 1.3488 582 1570 120 13.0833 0.276385
 1.34966 582 1571 120 13.0917 0.288555
 1.35052 582 1572 120 13.1 0.3
 1.35137 582 1573 120 13.1083 0.310801
 1.35223 582 1574 120 13.1167 0.321023
 1.35309 582 1575 120 13.125 0.330719
 1.35395 582 1576 120 13.1333 0.339935
 1.35481 582 1577 120 13.1417 0.348708
 1.35567 582 1578 120 13.15 0.357071
 1.35653 582 1579 120 13.1583 0.365053
 1.35739 582 1580 120 13.1667 0.372678
 1.35825 582 1581 120 13.175 0.379967
 1.35911 582 1582 120 13.1833 0.38694
 1.35997 582 1583 120 13.1917 0.393612
 1.36082 582 1584 120 13.2 0.4
 1.36168 582 1585 120 13.2083 0.406116
 1.36254 582 1586 120 13.2167 0.411974
 1.3634 582 1587 120 13.225 0.417582
 1.36426 582 1588 120 13.2333 0.422953
 1.36512 582 1589 120 13.2417 0.428093
 1.36598 582 1590 120 13.25 0.433013
 1.36684 582 1591 120 13.2583 0.437718
 1.3677 582 1592 120 13.2667 0.442217
 1.36856 582 1593 120 13.275 0.446514
 1.36942 582 1594 120 13.2833 0.450617
 1.37027 582 1595 120 13.2917 0.45453
 1.37113 582 1596 120 13.3 0.458258
 1.37199 582 1597 120 13.3083 0.461805
 1.37285 582 1598 120 13.3167 0.465176
 1.37371 582 1599 120 13.325 0.468375
 1.37457 582 1600 120 13.3333 0.471405
 1.37543 582 1601 120 13.3417 0.474268
 1.37629 582 1602 120 13.35 0.47697
 1.37715 582 1603 120 13.3583 0.479511
 1.37801 582 1604 120 13.3667 0.481894
 1.37887 582 1605 120 13.375 0.484123
 1.37973 582 1606 120 13.3833 0.486198
 1.38058 582 1607 120 13.3917 0.488123
 1.38144 582 1608 120 13.4 0.489898
 1.3823 582 1609 120 13.4083 0.491525
 1.38316 582 1610 120 13.4167 0.493007
 1.38402 582 1611 120 13.425 0.494343
 1.38488 582 1612 120 13.4333 0.495536
 1.38574 582 1613 120 13.4417 0.496586
 1.3866 582 1614 120 13.45 0.497494
 1.38746 582 1615 120 13.4583 0.498261
 1.38832 582 1616 120 13.4667 0.498888
 1.38918 582 1617 120 13.475 0.499375
 1.39003 582 1618 120 13.4833 0.499722
 1.39089 582 1619 120 13.4917 0.499931
 1.39175 582 1620 120 13.5 0.5
 1.39261 582 1621 120 13.5083 0.499931
 1.39347 582 1622 120 13.5167 0.499722
 1.39433 582 1623 120 13.525 0.499375
 1.39519 582 1624 120 13.5333 0.498888
 1.39605 582 1625 120 13.5417 0.498261
 1.39691 582 1626 120 13.55 0.497494
 1.39777 582 1627 120 13.5583 0.496586
 1.39863 582 1628 120 13.5667 0.495536
 1.39948 582 1629 120 13.575 0.494343
 1.40034 582 1630 120 13.5833 0.493007
 1.4012 582 1631 120 13.5917 0.491525
 1.40206 582 1632 120 13.6 0.489898
 1.40292 582 1633 120 13.6083 0.488123
 1.40378 582 1634 120 13.6167 0.486198
 1.40223 583 1635 120 13.625 0.484123
 1.40309 583 1636 120 13.6333 0.481894
 1.40395 583 1637 120 13.6417 0.479511
 1.4024 584 1638 120 13.65 0.47697
 1.40085 585 1639 120 13.6583 0.474268
 1.39932 586 1640 120 13.6667 0.471405
 1.39779 587 1641 120 13.675 0.468375
 1.39626 588 1642 120 13.6833 0.465176
 1.39474 589 1643 120 13.6917 0.461805
 1.39322 590 1644 120 13.7 0.458258
 1.39171 591 1645 120 13.7083 0.45453
 1.3902 592 1646 120 13.7167 0.450617
 1.3887 593 1647 120 13.725 0.446514
 1.38721 594 1648 120 13.7333 0.442217
 1.38571 595 1649 120 13.7417 0.437718
 1.38423 596 1650 120 13.75 0.433013
 1.38275 597 1651 120 13.7583 0.428093
 1.38127 598 1652 120 13.7667 0.422953
 1.3798 599 1653 120 13.775 0.417582
 1.37833 600 1654 120 13.7833 0.411974
 1.37687 601 1655 120 13.7917 0.406116
 1.37542 602 1656 120 13.8 0.4
 1.37396 603 1657 120 13.8083 0.393612
 1.37252 604 1658 120 13.8167 0.38694
 1.37107 605 1659 120 13.825 0.379967
 1.36964 606 1660 120 13.8333 0.372678
 1.3682 607 1661 120 13.8417 0.365053
 1.36678 608 1662 120 13.85 0.357071
 1.36535 609 1663 120 13.8583 0.348708
 1.36393 610 1664 120 13.8667 0.339935
 1.36252 611 1665 120 13.875 0.330719
 1.36111 612 1666 120 13.8833 0.321023
 1.35971 613 1667 120 13.8917 0.310801
 1.35831 614 1668 120 13.9 0.3
 1.35691 615 1669 120 13.9083 0.288555
 1.35552 616 1670 120 13.9167 0.276385
 1.35413 617 1671 120 13.925 0.263391
 1.35275 618 1672 120 13.9333 0.249444
 1.35137 619 1673 120 13.9417 0.234373
 1.35 620 1674 120 13.95 0.217945
 1.34863 621 1675 120 13.9583 0.199826
 1.34727 622 1676 120 13.9667 0.179505
 1.34591 623 1677 120 13.975 0.156125
 1.34455 624 1678 120 13.9833 0.128019
 1.3432 625 1679 120 13.9917 0.0909059
 2.68371 626 1680 120 14 0
 1.34265 626 1681 120 14.0083 0.0909059
 1.34345 626 1682 120 14.0167 0.128019
 1.34425 626 1683 120 14.025 0.156125
 1.34505 626 1684 120 14.0333 0.179505
 1.34585 626 1685 120 14.0417 0.199826
 1.34665 626 1686 120 14.05 0.217945
 1.34744 626 1687 120 14.0583 0.234373
 1.34824 626 1688 120 14.0667 0.249444
 1.34904 626 1689 120 14.075 0.263391
 1.34984 626 1690 120 14.0833 0.276385
 1.35064 626 1691 120 14.0917 0.288555
 1.35144 626 1692 120 14.1 0.3
 1.35224 626 1693 120 14.1083 0.310801
 1.35304 626 1694 120 14.1167 0.321023
 1.35383 626 1695 120 14.125 0.330719
 1.35463 626 1696 120 14.1333 0.339935
 1.35543 626 1697 120 14.1417 0.348708
 1.35623 626 1698 120 14.15 0.357071
 1.35703 626 1699 120 14.1583 0.365053
 1.35783 626 1700 120 14.1667 0.372678
 1.35863 626 1701 120 14.175 0.379967
 1.35942 626 1702 120 14.1833 0.38694
 1.36022 626 1703 120 14.1917 0.393612
 1.36102 626 1704 120 14.2 0.4
 1.36182 626 1705 120 14.2083 0.406116
 1.36262 626 1706 120 14.2167 0.411974
 1.36342 626 1707 120 14.225 0.417582
 1.36422 626 1708 120 14.2333 0.422953
 1.36502 626 1709 120 14.2417 0.428093
 1.36581 626 1710 120 14.25 0.433013
 1.36661 626 1711 120 14.2583 0.437718
 1.36741 626 1712 120 14.2667 0.442217
 1.36821 626 1713 120 14.275 0.446514
 1.36901 626 1714 120 14.2833 0.450617
 1.36981 626 1715 120 14.2917 0.45453
 1.37061 626 1716 120 14.3 0.458258
 1.37141 626 1717 120 14.3083 0.461805
 1.3722 626 1718 120 14.3167 0.465176
 1.373 626 1719 120 14.325 0.468375
 1.3738 626 1720 120 14.3333 0.471405
 1.3746 626 1721 120 14.3417 0.474268
 1.3754 626 1722 120 14.35 0.47697
 1.3762 626 1723 120 14.3583 0.479511
 1.377 626 1724 120 14.3667 0.481894
 1.3778 626 1725 120 14.375 0.484123
 1.37859 626 1726 120 14.3833 0.486198
 1.37939 626 1727 120 14.3917 0.488123
 1.38019 626 1728 120 14.4 0.489898
 1.38099 626 1729 120 14.4083 0.491525
 1.38179 626 1730 120 14.4167 0.493007
 1.38259 626 1731 120 14.425 0.494343
 1.38339 626 1732 120 14.4333 0.495536
 1.38419 626 1733 120 14.4417 0.496586
 1.38498 626 1734 120 14.45 0.497494
 1.38578 626 1735 120 14.4583 0.498261
 1.38658 626 1736 120 14.4667 0.498888
 1.38738 626 1737 120 14.475 0.499375
 1.38818 626 1738 120 14.4833 0.499722
 1.38898 626 1739 120 14.4917 0.499931
 1.38978 626 1740 120 14.5 0.5
 1.39058 626 1741 120 14.5083 0.499931
 1.39137 626 1742 120 14.5167 0.499722
 1.39217 626 1743 120 14.525 0.499375
 1.39297 626 1744 120 14.5333 0.498888
 1.39377 626 1745 120 14.5417 0.498261
 1.39457 626 1746 120 14.55 0.497494
 1.39537 626 1747 120 14.5583 0.496586
 1.39617 626 1748 120 14.5667 0.495536
 1.39696 626 1749 120 14.575 0.494343
 1.39776 626 1750 120 14.5833 0.493007
 1.39856 626 1751 120 14.5917 0.491525
 1.39936 626 1752 120 14.6 0.489898
 1.40016 626 1753 120 14.6083 0.488123
 1.40096 626 1754 120 14.6167 0.486198
 1.39952 627 1755 120 14.625 0.484123
 1.40032 627 1756 120 14.6333 0.481894
 1.40112 627 1757 120 14.6417 0.479511
 1.39968 628 1758 120 14.65 0.47697
 1.39825 629 1759 120 14.6583 0.474268
 1.39683 630 1760 120 14.6667 0.471405
 1.3954 631 1761 120 14.675 0.468375
 1.39399 632 1762 120 14.6833 0.465176
 1.39258 633 1763 120 14.6917 0.461805
 1.39117 634 1764 120 14.7 0.458258
 1.38976 635 1765 120 14.7083 0.45453
 1.38836 636 1766 120 14.7167 0.450617
 1.38697 637 1767 120 14.725 0.446514
 1.38558 638 1768 120 14.7333 0.442217
 1.38419 639 1769 120 14.7417 0.437718
 1.38281 640 1770 120 14.75 0.433013
 1.38144 641 1771 120 14.7583 0.428093
 1.38006 642 1772 120 14.7667 0.422953
 1.37869 643 1773 120 14.775 0.417582
 1.37733 644 1774 120 14.7833 0.411974
 1.37597 645 1775 120 14.7917 0.406116
 1.37461 646 1776 120 14.8 0.4
 1.37326 647 1777 120 14.8083 0.393612
 1.37191 648 1778 120 14.8167 0.38694
 1.37057 649 1779 120 14.825 0.379967
 1.36923 650 1780 120 14.8333 0.372678
 1.3679 651 1781 120 14.8417 0.365053
 1.36656 652 1782 120 14.85 0.357071
 1.36524 653 1783 120 14.8583 0.348708
 1.36391 654 1784 120 14.8667 0.339935
 1.3626 655 1785 120 14.875 0.330719
 1.36128 656 1786 120 14.8833 0.321023
 1.35997 657 1787 120 14.8917 0.310801
 1.35866 658 1788 120 14.9 0.3
 1.35736 659 1789 120 14.9083 0.288555
 1.35606 660 1790 120 14.9167 0.276385
 1.35477 661 1791 120 14.925 0.263391
 1.35347 662 1792 120 14.9333 0.249444
 1.35219 663 1793 120 14.9417 0.234373
 1.3509 664 1794 120 14.95 0.217945
 1.34962 665 1795 120 14.9583 0.199826
 1.34835 666 1796 120 14.9667 0.179505
 1.34708 667 1797 120 14.975 0.156125
 1.34581 668 1798 120 14.9833 0.128019
 1.34454 669 1799 120 14.9917 0.0909059
 2.68657 670 1800 120 15 0
 1.34403 670 1801 120 15.0083 0.0909059
 1.34478 670 1802 120 15.0167 0.128019
 1.34552 670 1803 120 15.025 0.156125
 1.34627 670 1804 120 15.0333 0.179505
 1.34701 670 1805 120 15.0417 0.199826
 1.34776 670 1806 120 15.05 0.217945
 1.34851 670 1807 120 15.0583 0.234373
 1.34925 670 1808 120 15.0667 0.249444
 1.35 670 1809 120 15.075 0.263391
 1.35075 670 1810 120 15.0833 0.276385
 1.35149 670 1811 120 15.0917 0.288555
 1.35224 670 1812 120 15.1 0.3
 1.35299 670 1813 120 15.1083 0.310801
 1.35373 670 1814 120 15.1167 0.321023
 1.35448 670 1815 120 15.125 0.330719
 1.35522 670 1816 120 15.1333 0.339935
 1.35597 670 1817 120 15.1417 0.348708
 1.35672 670 1818 120 15.15 0.357071
 1.35746 670 1819 120 15.1583 0.365053
 1.35821 670 1820 120 15.1667 0.372678
 1.35896 670 1821 120 15.175 0.379967
 1.3597 670 1822 120 15.1833 0.38694
 1.36045 670 1823 120 15.1917 0.393612
 1.36119 670 1824 120 15.2 0.4
 1.36194 670 1825 120 15.2083 0.406116
 1.36269 670 1826 120 15.2167 0.411974
 1.36343 670 1827 120 15.225 0.417582
 1.36418 670 1828 120 15.2333 0.422953
 1.36493 670 1829 120 15.2417 0.428093
 1.36567 670 1830 120 15.25 0.433013
 1.36642 670 1831 120 15.2583 0.437718
 1.36716 670 1832 120 15.2667 0.442217
 1.36791 670 1833 120 15.275 0.446514
 1.36866 670 1834 120 15.2833 0.450617
 1.3694 670 1835 120 15.2917 0.45453
 1.37015 670 1836 120 15.3 0.458258
 1.3709 670 1837 120 15.3083 0.461805
 1.37164 670 1838 120 15.3167 0.465176
 1.37239 670 1839 120 15.325 0.468375
 1.37313 670 1840 120 15.3333 0.471405
 1.37388 670 1841 120 15.3417 0.474268
 1.37463 670 1842 120 15.35 0.47697
 1.37537 670 1843 120 15.3583 0.479511
 1.37612 670 1844 120 15.3667 0.481894
 1.37687 670 1845 120 15.375 0.484123
 1.37761 670 1846 120 15.3833 0.486198
 1.37836 670 1847 120 15.3917 0.488123
 1.3791 670 1848 120 15.4 0.489898
 1.37985 670 1849 120 15.4083 0.491525
 1.3806 670 1850 120 15.4167 0.493007
 1.38134 670 1851 120 15.425 0.494343
 1.38209 670 1852 120 15.4333 0.495536
 1.38284 670 1853 120 15.4417 0.496586
 1.38358 670 1854 120 15.45 0.497494
 1.38433 670 1855 120 15.4583 0.498261
 1.38507 670 1856 120 15.4667 0.498888
 1.38582 670 1857 120 15.475 0.499375
 1.38657 670 1858 120 15.4833 0.499722
 1.38731 670 1859 120 15.4917 0.499931
 1.38806 670 1860 120 15.5 0.5
 1.38881 670 1861 120 15.5083 0.499931
 1.38955 670 1862 120 15.5167 0.499722
 1.3903 670 1863 120 15.525 0.499375
 1.39104 670 1864 120 15.5333 0.498888
 1.39179 670 1865 120 15.5417 0.498261
 1.39254 670 1866 120 15.55 0.497494
 1.39328 670 1867 120 15.5583 0.496586
 1.39403 670 1868 120 15.5667 0.495536
 1.39478 670 1869 120 15.575 0.494343
 1.39552 670 1870 120 15.5833 0.493007
 1.39627 670 1871 120 15.5917 0.491525
 1.39701 670 1872 120 15.6 0.489898
 1.39776 670 1873 120 15.6083 0.488123
 1.39851 670 1874 120 15.6167 0.486198
 1.39717 671 1875 120 15.625 0.484123
 1.39791 671 1876 120 15.6333 0.481894
 1.39866 671 1877 120 15.6417 0.479511
 1.39732 672 1878 120 15.65 0.47697
 1.39599 673 1879 120 15.6583 0.474268
 1.39466 674 1880 120 15.6667 0.471405
 1.39333 675 1881 120 15.675 0.468375
 1.39201 676 1882 120 15.6833 0.465176
 1.39069 677 1883 120 15.6917 0.461805
 1.38938 678 1884 120 15.7 0.458258
 1.38807 679 1885 120 15.7083 0.45453
 1.38676 680 1886 120 15.7167 0.450617
 1.38546 681 1887 120 15.725 0.446514
 1.38416 682 1888 120 15.7333 0.442217
 1.38287 683 1889 120 15.7417 0.437718
 1.38158 684 1890 120 15.75 0.433013
 1.38029 685 1891 120 15.7583 0.428093
 1.37901 686 1892 120 15.7667 0.422953
 1.37773 687 1893 120 15.775 0.417582
 1.37645 688 1894 120 15.7833 0.411974
 1.37518 689 1895 120 15.7917 0.406116
 1.37391 690 1896 120 15.8 0.4
 1.37265 691 1897 120 15.8083 0.393612
 1.37139 692 1898 120 15.8167 0.38694
 1.37013 693 1899 120 15.825 0.379967
 1.36888 694 1900 120 15.8333 0.372678
 1.36763 695 1901 120 15.8417 0.365053
 1.36638 696 1902 120 15.85 0.357071
 1.36514 697 1903 120 15.8583 0.348708
 1.3639 698 1904 120 15.8667 0.339935
 1.36266 699 1905 120 15.875 0.330719
 1.36143 700 1906 120 15.8833 0.321023
 1.3602 701 1907 120 15.8917 0.310801
 1.35897 702 1908 120 15.9 0.3
 1.35775 703 1909 120 15.9083 0.288555
 1.35653 704 1910 120 15.9167 0.276385
 1.35532 705 1911 120 15.925 0.263391
 1.35411 706 1912 120 15.9333 0.249444
 1.3529 707 1913 120 15.9417 0.234373
 1.35169 708 1914 120 15.95 0.217945
 1.35049 709 1915 120 15.9583 0.199826
 1.3493 710 1916 120 15.9667 0.179505
 1.3481 711 1917 120 15.975 0.156125
 1.34691 712 1918 120 15.9833 0.128019
 1.34572 713 1919 120 15.9917 0.0909059
 2.68908 714 1920 120 16 0
 1.34524 714 1921 120 16.0083 0.0909059
 1.34594 714 1922 120 16.0167 0.128019
 1.34664 714 1923 120 16.025 0.156125
 1.34734 714 1924 120 16.0333 0.179505
 1.34804 714 1925 120 16.0417 0.199826
 1.34874 714 1926 120 16.05 0.217945
 1.34944 714 1927 120 16.0583 0.234373
 1.35014 714 1928 120 16.0667 0.249444
 1.35084 714 1929 120 16.075 0.263391
 1.35154 714 1930 120 16.0833 0.276385
 1.35224 714 1931 120 16.0917 0.288555
 1.35294 714 1932 120 16.1 0.3
 1.35364 714 1933 120 16.1083 0.310801
 1.35434 714 1934 120 16.1167 0.321023
 1.35504 714 1935 120 16.125 0.330719
 1.35574 714 1936 120 16.1333 0.339935
 1.35644 714 1937 120 16.1417 0.348708
 1.35714 714 1938 120 16.15 0.357071
 1.35784 714 1939 120 16.1583 0.365053
 1.35854 714 1940 120 16.1667 0.372678
 1.35924 714 1941 120 16.175 0.379967
 1.35994 714 1942 120 16.1833 0.38694
 1.36064 714 1943 120 16.1917 0.393612
 1.36134 714 1944 120 16.2 0.4
 1.36204 714 1945 120 16.2083 0.406116
 1.36275 714 1946 120 16.2167 0.411974
 1.36345 714 1947 120 16.225 0.417582
 1.36415 714 1948 120 16.2333 0.422953
 1.36485 714 1949 120 16.2417 0.428093
 1.36555 714 1950 120 16.25 0.433013
 1.36625 714 1951 120 16.2583 0.437718
 1.36695 714 1952 120 16.2667 0.442217
 1.36765 714 1953 120 16.275 0.446514
 1.36835 714 1954 120 16.2833 0.450617
 1.36905 714 1955 120 16.2917 0.45453
 1.36975 714 1956 120 16.3 0.458258
 1.37045 714 1957 120 16.3083 0.461805
 1.37115 714 1958 120 16.3167 0.465176
 1.37185 714 1959 120 16.325 0.468375
 1.37255 714 1960 120 16.3333 0.471405
 1.37325 714 1961 120 16.3417 0.474268
 1.37395 714 1962 120 16.35 0.47697
 1.37465 714 1963 120 16.3583 0.479511
 1.37535 714 1964 120 16.3667 0.481894
 1.37605 714 1965 120 16.375 0.484123
 1.37675 714 1966 120 16.3833 0.486198
 1.37745 714 1967 120 16.3917 0.488123
 1.37815 714 1968 120 16.4 0.489898
 1.37885 714 1969 120 16.4083 0.491525
 1.37955 714 1970 120 16.4167 0.493007
 1.38025 714 1971 120 16.425 0.494343
 1.38095 714 1972 120 16.4333 0.495536
 1.38165 714 1973 120 16.4417 0.496586
 1.38235 714 1974 120 16.45 0.497494
 1.38305 714 1975 120 16.4583 0.498261
 1.38375 714 1976 120 16.4667 0.498888
 1.38445 714 1977 120 16.475 0.499375
 1.38515 714 1978 120 16.4833 0.499722
 1.38585 714 1979 120 16.4917 0.499931
 1.38655 714 1980 120 16.5 0.5
 1.38725 714 1981 120 16.5083 0.499931
 1.38796 714 1982 120 16.5167 0.499722
 1.38866 714 1983 120 16.525 0.499375
 1.38936 714 1984 120 16.5333 0.498888
 1.39006 714 1985 120 16.5417 0.498261
 1.39076 714 1986 120 16.55 0.497494
 1.39146 714 1987 120 16.5583 0.496586
 1.39216 714 1988 120 16.5667 0.495536
 1.39286 714 1989 120 16.575 0.494343
 1.39356 714 1990 120 16.5833 0.493007
 1.39426 714 1991 120 16.5917 0.491525
 1.39496 714 1992 120 16.6 0.489898
 1.39566 714 1993 120 16.6083 0.488123
 1.39636 714 1994 120 16.6167 0.486198
 1.3951 715 1995 120 16.625 0.484123
 1.3958 715 1996 120 16.6333 0.481894
 1.3965 715 1997 120 16.6417 0.479511
 1.39525 716 1998 120 16.65 0.47697
 1.394 717 1999 120 16.6583 0.474268
 1.39276 718 2000 120 16.6667 0.471405
 1.39152 719 2001 120 16.675 0.468375
 1.39028 720 2002 120 16.6833 0.465176
 1.38904 721 2003 120 16.6917 0.461805
 1.38781 722 2004 120 16.7 0.458258
 1.38658 723 2005 120 16.7083 0.45453
 1.38536 724 2006 120 16.7167 0.450617
 1.38414 725 2007 120 16.725 0.446514
 1.38292 726 2008 120 16.7333 0.442217
 1.38171 727 2009 120 16.7417 0.437718
 1.38049 728 2010 120 16.75 0.433013
 1.37929 729 2011 120 16.7583 0.428093
 1.37808 730 2012 120 16.7667 0.422953
 1.37688 731 2013 120 16.775 0.417582
 1.37568 732 2014 120 16.7833 0.411974
 1.37449 733 2015 120 16.7917 0.406116
 1.3733 734 2016 120 16.8 0.4
 1.37211 735 2017 120 16.8083 0.393612
 1.37092 736 2018 120 16.8167 0.38694
 1.36974 737 2019 120 16.825 0.379967
 1.36856 738 2020 120 16.8333 0.372678
 1.36739 739 2021 120 16.8417 0.365053
 1.36622 740 2022 120 16.85 0.357071
 1.36505 741 2023 120 16.8583 0.348708
 1.36388 742 2024 120 16.8667 0.339935
 1.36272 743 2025 120 16.875 0.330719
 1.36156 744 2026 120 16.8833 0.321023
 1.3604 745 2027 120 16.8917 0.310801
 1.35925 746 2028 120 16.9 0.3
 1.3581 747 2029 120 16.9083 0.288555
 1.35695 748 2030 120 16.9167 0.276385
 1.35581 749 2031 120 16.925 0.263391
 1.35467 750 2032 120 16.9333 0.249444
 1.35353 751 2033 120 16.9417 0.234373
 1.35239 752 2034 120 16.95 0.217945
 1.35126 753 2035 120 16.9583 0.199826
 1.35013 754 2036 120 16.9667 0.179505
 1.34901 755 2037 120 16.975 0.156125
 1.34788 756 2038 120 16.9833 0.128019
 1.34676 757 2039 120 16.9917 0.0909059
 2.69129 758 2040 120 17 0
 1.34631 758 2041 120 17.0083 0.0909059
 1.34697 758 2042 120 17.0167 0.128019
 1.34763 758 2043 120 17.025 0.156125
 1.34828 758 2044 120 17.0333 0.179505
 1.34894 758 2045 120 17.0417 0.199826
 1.3496 758 2046 120 17.05 0.217945
 1.35026 758 2047 120 17.0583 0.234373
 1.35092 758 2048 120 17.0667 0.249444
 1.35158 758 2049 120 17.075 0.263391
 1.35224 758 2050 120 17.0833 0.276385
 1.3529 758 2051 120 17.0917 0.288555
 1.35356 758 2052 120 17.1 0.3
 1.35422 758 2053 120 17.1083 0.310801
 1.35488 758 2054 120 17.1167 0.321023
 1.35554 758 2055 120 17.125 0.330719
 1.3562 758 2056 120 17.1333 0.339935
 1.35686 758 2057 120 17.1417 0.348708
 1.35752 758 2058 120 17.15 0.357071
 1.35818 758 2059 120 17.1583 0.365053
 1.35884 758 2060 120 17.1667 0.372678
 1.3595 758 2061 120 17.175 0.379967
 1.36016 758 2062 120 17.1833 0.38694
 1.36082 758 2063 120 17.1917 0.393612
 1.36148 758 2064 120 17.2 0.4
 1.36214 758 2065 120 17.2083 0.406116
 1.3628 758 2066 120 17.2167 0.411974
 1.36346 758 2067 120 17.225 0.417582
 1.36412 758 2068 120 17.2333 0.422953
 1.36478 758 2069 120 17.2417 0.428093
 1.36544 758 2070 120 17.25 0.433013
 1.36609 758 2071 120 17.2583 0.437718
 1.36675 758 2072 120 17.2667 0.442217
 1.36741 758 2073 120 17.275 0.446514
 1.36807 758 2074 120 17.2833 0.450617
 1.36873 758 2075 120 17.2917 0.45453
 1.36939 758 2076 120 17.3 0.458258
 1.37005 758 2077 120 17.3083 0.461805
 1.37071 758 2078 120 17.3167 0.465176
 1.37137 758 2079 120 17.325 0.468375
 1.37203 758 2080 120 17.3333 0.471405
 1.37269 758 2081 120 17.3417 0.474268
 1.37335 758 2082 120 17.35 0.47697
 1.37401 758 2083 120 17.3583 0.479511
 1.37467 758 2084 120 17.3667 0.481894
 1.37533 758 2085 120 17.375 0.484123
 1.37599 758 2086 120 17.3833 0.486198
 1.37665 758 2087 120 17.3917 0.488123
 1.37731 758 2088 120 17.4 0.489898
 1.37797 758 2089 120 17.4083 0.491525
 1.37863 758 2090 120 17.4167 0.493007
 1.37929 758 2091 120 17.425 0.494343
 1.37995 758 2092 120 17.4333 0.495536
 1.38061 758 2093 120 17.4417 0.496586
 1.38127 758 2094 120 17.45 0.497494
 1.38193 758 2095 120 17.4583 0.498261
 1.38259 758 2096 120 17.4667 0.498888
 1.38325 758 2097 120 17.475 0.499375
 1.38391 758 2098 120 17.4833 0.499722
 1.38456 758 2099 120 17.4917 0.499931
 1.38522 758 2100 120 17.5 0.5
 1.38588 758 2101 120 17.5083 0.499931
 1.38654 758 2102 120 17.5167 0.499722
 1.3872 758 2103 120 17.525 0.499375
 1.38786 758 2104 120 17.5333 0.498888
 1.38852 758 2105 120 17.5417 0.498261
 1.38918 758 2106 120 17.55 0.497494
 1.38984 758 2107 120 17.5583 0.496586
 1.3905 758 2108 120 17.5667 0.495536
 1.39116 758 2109 120 17.575 0.494343
 1.39182 758 2110 120 17.5833 0.493007
 1.39248 758 2111 120 17.5917 0.491525
 1.39314 758 2112 120 17.6 0.489898
 1.3938 758 2113 120 17.6083 0.488123
 1.39446 758 2114 120 17.6167 0.486198
 1.39328 759 2115 120 17.625 0.484123
 1.39394 759 2116 120 17.6333 0.481894
 1.3946 759 2117 120 17.6417 0.479511
 1.39342 760 2118 120 17.65 0.47697
 1.39225 761 2119 120 17.6583 0.474268
 1.39108 762 2120 120 17.6667 0.471405
 1.38991 763 2121 120 17.675 0.468375
 1.38874 764 2122 120 17.6833 0.465176
 1.38758 765 2123 120 17.6917 0.461805
 1.38642 766 2124 120 17.7 0.458258
 1.38527 767 2125 120 17.7083 0.45453
 1.38411 768 2126 120 17.7167 0.450617
 1.38296 769 2127 120 17.725 0.446514
 1.38182 770 2128 120 17.7333 0.442217
 1.38067 771 2129 120 17.7417 0.437718
 1.37953 772 2130 120 17.75 0.433013
 1.3784 773 2131 120 17.7583 0.428093
 1.37726 774 2132 120 17.7667 0.422953
 1.37613 775 2133 120 17.775 0.417582
 1.375 776 2134 120 17.7833 0.411974
 1.37387 777 2135 120 17.7917 0.406116
 1.37275 778 2136 120 17.8 0.4
 1.37163 779 2137 120 17.8083 0.393612
 1.37051 780 2138 120 17.8167 0.38694
 1.3694 781 2139 120 17.825 0.379967
 1.36829 782 2140 120 17.8333 0.372678
 1.36718 783 2141 120 17.8417 0.365053
 1.36607 784 2142 120 17.85 0.357071
 1.36497 785 2143 120 17.8583 0.348708
 1.36387 786 2144 120 17.8667 0.339935
 1.36277 787 2145 120 17.875 0.330719
 1.36168 788 2146 120 17.8833 0.321023
 1.36058 789 2147 120 17.8917 0.310801
 1.35949 790 2148 120 17.9 0.3
 1.35841 791 2149 120 17.9083 0.288555
 1.35732 792 2150 120 17.9167 0.276385
 1.35624 793 2151 120 17.925 0.263391
 1.35516 794 2152 120 17.9333 0.249444
 1.35409 795 2153 120 17.9417 0.234373
 1.35302 796 2154 120 17.95 0.217945
 1.35194 797 2155 120 17.9583 0.199826
 1.35088 798 2156 120 17.9667 0.179505
 1.34981 799 2157 120 17.975 0.156125
 1.34875 800 2158 120 17.9833 0.128019
 1.34769 801 2159 120 17.9917 0.0909059
 2.69327 802 2160 120 18 0
 1.34726 802 2161 120 18.0083 0.0909059
 1.34788 802 2162 120 18.0167 0.128019
 1.3485 802 2163 120 18.025 0.156125
 1.34913 802 2164 120 18.0333 0.179505
 1.34975 802 2165 120 18.0417 0.199826
 1.35037 802 2166 120 18.05 0.217945
 1.351 802 2167 120 18.0583 0.234373
 1.35162 802 2168 120 18.0667 0.249444
 1.35224 802 2169 120 18.075 0.263391
 1.35287 802 2170 120 18.0833 0.276385
 1.35349 802 2171 120 18.0917 0.288555
 1.35411 802 2172 120 18.1 0.3
 1.35474 802 2173 120 18.1083 0.310801
 1.35536 802 2174 120 18.1167 0.321023
 1.35599 802 2175 120 18.125 0.330719
 1.35661 802 2176 120 18.1333 0.339935
 1.35723 802 2177 120 18.1417 0.348708
 1.35786 802 2178 120 18.15 0.357071
 1.35848 802 2179 120 18.1583 0.365053
 1.3591 802 2180 120 18.1667 0.372678
 1.35973 802 2181 120 18.175 0.379967
 1.36035 802 2182 120 18.1833 0.38694
 1.36097 802 2183 120 18.1917 0.393612
 1.3616 802 2184 120 18.2 0.4
 1.36222 802 2185 120 18.2083 0.406116
 1.36284 802 2186 120 18.2167 0.411974
 1.36347 802 2187 120 18.225 0.417582
 1.36409 802 2188 120 18.2333 0.422953
 1.36471 802 2189 120 18.2417 0.428093
 1.36534 802 2190 120 18.25 0.433013
 1.36596 802 2191 120 18.2583 0.437718
 1.36658 802 2192 120 18.2667 0.442217
 1.36721 802 2193 120 18.275 0.446514
 1.36783 802 2194 120 18.2833 0.450617
 1.36845 802 2195 120 18.2917 0.45453
 1.36908 802 2196 120 18.3 0.458258
 1.3697 802 2197 120 18.3083 0.461805
 1.37032 802 2198 120 18.3167 0.465176
 1.37095 802 2199 120 18.325 0.468375
 1.37157 802 2200 120 18.3333 0.471405
 1.37219 802 2201 120 18.3417 0.474268
 1.37282 802 2202 120 18.35 0.47697
 1.37344 802 2203 120 18.3583 0.479511
 1.37406 802 2204 120 18.3667 0.481894
 1.37469 802 2205 120 18.375 0.484123
 1.37531 802 2206 120 18.3833 0.486198
 1.37594 802 2207 120 18.3917 0.488123
 1.37656 802 2208 120 18.4 0.489898
 1.37718 802 2209 120 18.4083 0.491525
 1.37781 802 2210 120 18.4167 0.493007
 1.37843 802 2211 120 18.425 0.494343
 1.37905 802 2212 120 18.4333 0.495536
 1.37968 802 2213 120 18.4417 0.496586
 1.3803 802 2214 120 18.45 0.497494
 1.38092 802 2215 120 18.4583 0.498261
 1.38155 802 2216 120 18.4667 0.498888
 1.38217 802 2217 120 18.475 0.499375
 1.38279 802 2218 120 18.4833 0.499722
 1.38342 802 2219 120 18.4917 0.499931
 1.38404 802 2220 120 18.5 0.5
 1.38466 802 2221 120 18.5083 0.499931
 1.38529 802 2222 120 18.5167 0.499722
 1.38591 802 2223 120 18.525 0.499375
 1.38653 802 2224 120 18.5333 0.498888
 1.38716 802 2225 120 18.5417 0.498261
 1.38778 802 2226 120 18.55 0.497494
 1.3884 802 2227 120 18.5583 0.496586
 1.38903 802 2228 120 18.5667 0.495536
 1.38965 802 2229 120 18.575 0.494343
 1.39027 802 2230 120 18.5833 0.493007
 1.3909 802 2231 120 18.5917 0.491525
 1.39152 802 2232 120 18.6 0.489898
 1.39214 802 2233 120 18.6083 0.488123
 1.39277 802 2234 120 18.6167 0.486198
 1.39166 803 2235 120 18.625 0.484123
 1.39228 803 2236 120 18.6333 0.481894
 1.3929 803 2237 120 18.6417 0.479511
 1.39179 804 2238 120 18.65 0.47697
 1.39068 805 2239 120 18.6583 0.474268
 1.38958 806 2240 120 18.6667 0.471405
 1.38848 807 2241 120 18.675 0.468375
 1.38738 808 2242 120 18.6833 0.465176
 1.38628 809 2243 120 18.6917 0.461805
 1.38519 810 2244 120 18.7 0.458258
 1.38409 811 2245 120 18.7083 0.45453
 1.383 812 2246 120 18.7167 0.450617
 1.38192 813 2247 120 18.725 0.446514
 1.38084 814 2248 120 18.7333 0.442217
 1.37975 815 2249 120 18.7417 0.437718
 1.37868 816 2250 120 18.75 0.433013
 1.3776 817 2251 120 18.7583 0.428093
 1.37653 818 2252 120 18.7667 0.422953
 1.37546 819 2253 120 18.775 0.417582
 1.37439 820 2254 120 18.7833 0.411974
 1.37333 821 2255 120 18.7917 0.406116
 1.37226 822 2256 120 18.8 0.4
 1.3712 823 2257 120 18.8083 0.393612
 1.37015 824 2258 120 18.8167 0.38694
 1.36909 825 2259 120 18.825 0.379967
 1.36804 826 2260 120 18.8333 0.372678
 1.36699 827 2261 120 18.8417 0.365053
 1.36594 828 2262 120 18.85 0.357071
 1.3649 829 2263 120 18.8583 0.348708
 1.36386 830 2264 120 18.8667 0.339935
 1.36282 831 2265 120 18.875 0.330719
 1.36178 832 2266 120 18.8833 0.321023
 1.36074 833 2267 120 18.8917 0.310801
 1.35971 834 2268 120 18.9 0.3
 1.35868 835 2269 120 18.9083 0.288555
 1.35766 836 2270 120 18.9167 0.276385
 1.35663 837 2271 120 18.925 0.263391
 1.35561 838 2272 120 18.9333 0.249444
 1.35459 839 2273 120 18.9417 0.234373
 1.35357 840 2274 120 18.95 0.217945
 1.35256 841 2275 120 18.9583 0.199826
 1.35154 842 2276 120 18.9667 0.179505
 1.35053 843 2277 120 18.975 0.156125
 1.34953 844 2278 120 18.9833 0.128019
 1.34852 845 2279 120 18.9917 0.0909059
 2.69504 846 2280 120 19 0
 1.34811 846 2281 120 19.0083 0.0909059
 1.3487 846 2282 120 19.0167 0.128019
 1.34929 846 2283 120 19.025 0.156125
 1.34988 846 2284 120 19.0333 0.179505
 1.35047 846 2285 120 19.0417 0.199826
 1.35106 846 2286 120 19.05 0.217945
 1.35165 846 2287 120 19.0583 0.234373
 1.35225 846 2288 120 19.0667 0.249444
 1.35284 846 2289 120 19.075 0.263391
 1.35343 846 2290 120 19.0833 0.276385
 1.35402 846 2291 120 19.0917 0.288555
 1.35461 846 2292 120 19.1 0.3
 1.3552 846 2293 120 19.1083 0.310801
 1.35579 846 2294 120 19.1167 0.321023
 1.35638 846 2295 120 19.125 0.330719
 1.35697 846 2296 120 19.1333 0.339935
 1.35757 846 2297 120 19.1417 0.348708
 1.35816 846 2298 120 19.15 0.357071
 1.35875 846 2299 120 19.1583 0.365053
 1.35934 846 2300 120 19.1667 0.372678
 1.35993 846 2301 120 19.175 0.379967
 1.36052 846 2302 120 19.1833 0.38694
 1.36111 846 2303 120 19.1917 0.393612
 1.3617 846 2304 120 19.2 0.4
 1.36229 846 2305 120 19.2083 0.406116
 1.36288 846 2306 120 19.2167 0.411974
 1.36348 846 2307 120 19.225 0.417582
 1.36407 846 2308 120 19.2333 0.422953
 1.36466 846 2309 120 19.2417 0.428093
 1.36525 846 2310 120 19.25 0.433013
 1.36584 846 2311 120 19.2583 0.437718
 1.36643 846 2312 120 19.2667 0.442217
 1.36702 846 2313 120 19.275 0.446514
 1.36761 846 2314 120 19.2833 0.450617
 1.3682 846 2315 120 19.2917 0.45453
 1.36879 846 2316 120 19.3 0.458258
 1.36939 846 2317 120 19.3083 0.461805
 1.36998 846 2318 120 19.3167 0.465176
 1.37057 846 2319 120 19.325 0.468375
 1.37116 846 2320 120 19.3333 0.471405
 1.37175 846 2321 120 19.3417 0.474268
 1.37234 846 2322 120 19.35 0.47697
 1.37293 846 2323 120 19.3583 0.479511
 1.37352 846 2324 120 19.3667 0.481894
 1.37411 846 2325 120 19.375 0.484123
 1.3747 846 2326 120 19.3833 0.486198
 1.3753 846 2327 120 19.3917 0.488123
 1.37589 846 2328 120 19.4 0.489898
 1.37648 846 2329 120 19.4083 0.491525
 1.37707 846 2330 120 19.4167 0.493007
 1.37766 846 2331 120 19.425 0.494343
 1.37825 846 2332 120 19.4333 0.495536
 1.37884 846 2333 120 19.4417 0.496586
 1.37943 846 2334 120 19.45 0.497494
 1.38002 846 2335 120 19.4583 0.498261
 1.38061 846 2336 120 19.4667 0.498888
 1.38121 846 2337 120 19.475 0.499375
 1.3818 846 2338 120 19.4833 0.499722
 1.38239 846 2339 120 19.4917 0.499931
 1.38298 846 2340 120 19.5 0.5
 1.38357 846 2341 120 19.5083 0.499931
 1.38416 846 2342 120 19.5167 0.499722
 1.38475 846 2343 120 19.525 0.499375
 1.38534 846 2344 120 19.5333 0.498888
 1.38593 846 2345 120 19.5417 0.498261
 1.38652 846 2346 120 19.55 0.497494
 1.38712 846 2347 120 19.5583 0.496586
 1.38771 846 2348 120 19.5667 0.495536
 1.3883 846 2349 120 19.575 0.494343
 1.38889 846 2350 120 19.5833 0.493007
 1.38948 846 2351 120 19.5917 0.491525
 1.39007 846 2352 120 19.6 0.489898
 1.39066 846 2353 120 19.6083 0.488123
 1.39125 846 2354 120 19.6167 0.486198
 1.3902 847 2355 120 19.625 0.484123
 1.39079 847 2356 120 19.6333 0.481894
 1.39138 847 2357 120 19.6417 0.479511
 1.39033 848 2358 120 19.65 0.47697
 1.38928 849 2359 120 19.6583 0.474268
 1.38824 850 2360 120 19.6667 0.471405
 1.38719 851 2361 120 19.675 0.468375
 1.38615 852 2362 120 19.6833 0.465176
 1.38511 853 2363 120 19.6917 0.461805
 1.38407 854 2364 120 19.7 0.458258
 1.38304 855 2365 120 19.7083 0.45453
 1.38201 856 2366 120 19.7167 0.450617
 1.38098 857 2367 120 19.725 0.446514
 1.37995 858 2368 120 19.7333 0.442217
 1.37893 859 2369 120 19.7417 0.437718
 1.37791 860 2370 120 19.75 0.433013
 1.37689 861 2371 120 19.7583 0.428093
 1.37587 862 2372 120 19.7667 0.422953
 1.37486 863 2373 120 19.775 0.417582
 1.37384 864 2374 120 19.7833 0.411974
 1.37283 865 2375 120 19.7917 0.406116
 1.37182 866 2376 120 19.8 0.4
 1.37082 867 2377 120 19.8083 0.393612
 1.36982 868 2378 120 19.8167 0.38694
 1.36881 869 2379 120 19.825 0.379967
 1.36782 870 2380 120 19.8333 0.372678
 1.36682 871 2381 120 19.8417 0.365053
 1.36583 872 2382 120 19.85 0.357071
 1.36483 873 2383 120 19.8583 0.348708
 1.36384 874 2384 120 19.8667 0.339935
 1.36286 875 2385 120 19.875 0.330719
 1.36187 876 2386 120 19.8833 0.321023
 1.36089 877 2387 120 19.8917 0.310801
 1.35991 878 2388 120 19.9 0.3
 1.35893 879 2389 120 19.9083 0.288555
 1.35795 880 2390 120 19.9167 0.276385
 1.35698 881 2391 120 19.925 0.263391
 1.35601 882 2392 120 19.9333 0.249444
 1.35504 883 2393 120 19.9417 0.234373
 1.35407 884 2394 120 19.95 0.217945
 1.35311 885 2395 120 19.9583 0.199826
 1.35214 886 2396 120 19.9667 0.179505
 1.35118 887 2397 120 19.975 0.156125
 1.35023 888 2398 120 19.9833 0.128019
 1.34927 889 2399 120 19.9917 0.0909059
 2.69663 890 2400 120 20 0
20 890 2400
